home_team,away_team,home_win_prob,draw_prob,away_win_prob
Bournemouth,Everton,0.35972314072006734,0.26992595911654954,0.37035090016338307
Fulham,Manchester City,0.17882954749786836,0.1793196559298723,0.6418507965722595
Newcastle United,Tottenham Hotspur,0.5717395582130106,0.1834769170539476,0.24478352473304185
Arsenal,Brentford,0.6598201888095814,0.1711980456051008,0.16898176558531763
Brighton,Aston Villa,0.3990671012226602,0.21043713067605044,0.39049576810128944
Burnley,Crystal Palace,0.14941206301127694,0.16977101253957538,0.6808169244491478
Wolverhampton Wanderers,Nottingham Forest,0.3105384145186681,0.21926897191780245,0.4701926135635295
Leeds,Chelsea,0.133101785892454,0.1481207079494649,0.718777506158081
Liverpool,Sunderland,0.8299374844852432,0.10782226000476337,0.06224025550999332
Manchester United,West Ham,0.46609713079747217,0.22133212957320292,0.31257073962932486
Aston Villa,Arsenal,0.2612597189560255,0.22510401183432516,0.5136362692096492
Bournemouth,Chelsea,0.3015261546089082,0.23150906240635502,0.466964782984737
Everton,Nottingham Forest,0.4802846460766923,0.24356900232780485,0.2761463515955028
Manchester City,Sunderland,0.844482558329603,0.10397071617716955,0.0515467254932275
Newcastle United,Burnley,0.7771618025709897,0.12495170136951285,0.09788649605949737
Tottenham Hotspur,Brentford,0.3542233648131194,0.19505701092777478,0.45071962425910583
Leeds,Liverpool,0.08482719082073091,0.10132150216827779,0.8138513070109914
Brighton,West Ham,0.6005667267044521,0.17872998488604505,0.22070328840950293
Fulham,Crystal Palace,0.3086493548301003,0.22250276144266562,0.46884788372723407
Wolverhampton Wanderers,Manchester United,0.38638962312721137,0.22945981298958495,0.3841505638832037
Chelsea,Everton,0.4978939721182704,0.24249914450263854,0.25960688337909105
Liverpool,Brighton,0.6023629189814553,0.1627652706413602,0.23487181037718455
Burnley,Fulham,0.21352753798502594,0.19055185012329012,0.595920611891684
Arsenal,Wolverhampton Wanderers,0.7746260936820509,0.13238752793661168,0.09298637838133735
Crystal Palace,Manchester City,0.24012728883178874,0.2101383519603979,0.5497343592078133
Nottingham Forest,Tottenham Hotspur,0.38182906124806587,0.21166787291334094,0.4065030658385933
Sunderland,Newcastle United,0.14300209957850588,0.18761611419494306,0.6693817862265512
West Ham,Aston Villa,0.22830535485752435,0.21599616732954616,0.5556984778129296
Brentford,Leeds,0.7494023657660006,0.1261816430909914,0.12441599114300791
Manchester United,Bournemouth,0.30465532287650315,0.22533915846696995,0.47000551865652707
Newcastle United,Chelsea,0.4126303712165057,0.2196620282646329,0.3677076005188615
Bournemouth,Burnley,0.6582029879308804,0.17792526627966673,0.16387174578945293
Brighton,Sunderland,0.7081292180878825,0.16296416699649144,0.12890661491562597
Manchester City,West Ham,0.7870998128687496,0.12340759834867351,0.08949258878257679
Wolverhampton Wanderers,Brentford,0.25222463575991,0.19294338589034024,0.5548319783497497
Tottenham Hotspur,Liverpool,0.21157002916052514,0.16426904161857933,0.6241609292208956
Everton,Arsenal,0.25112927426338366,0.24969353618340756,0.49917718955320867
Leeds,Crystal Palace,0.17121984376465735,0.1682811965362522,0.6604989596990904
Aston Villa,Manchester United,0.5871194570295848,0.20521759374493356,0.20766294922548167
Fulham,Nottingham Forest,0.3871458195568591,0.22382596128093507,0.3890282191622057
Manchester United,Newcastle United,0.25684002329436373,0.20884041116333718,0.5343195655422992
Nottingham Forest,Manchester City,0.18051440445904704,0.1856678940751725,0.6338177014657804
Arsenal,Brighton,0.6587113648506583,0.16380591267958475,0.17748272246975688
Brentford,Bournemouth,0.45963629481991247,0.20740243995748162,0.33296126522260616
Burnley,Everton,0.16700275404009496,0.20643824308295325,0.6265590028769517
Liverpool,Wolverhampton Wanderers,0.7437862910330301,0.13338038514924963,0.12283332381772022
West Ham,Fulham,0.29952521145177696,0.21955944813975492,0.48091534040846823
Chelsea,Aston Villa,0.5095569793154305,0.2195394915830029,0.27090352910156656
Sunderland,Leeds,0.3659416145294557,0.23070614144192506,0.4033522440286192
Crystal Palace,Tottenham Hotspur,0.4652898809024372,0.2114467146509296,0.32326340444663326
Burnley,Newcastle United,0.12853713986176868,0.15226646205142588,0.7191963980868055
Chelsea,Bournemouth,0.5277436102137721,0.2136491640914239,0.2586072256948038
Nottingham Forest,Everton,0.3159445753214786,0.2612056607922561,0.42284976388626516
West Ham,Brighton,0.2207032884095029,0.17872998488604505,0.6005667267044521
Arsenal,Aston Villa,0.6173615829879383,0.19934550853265828,0.18329290847940338
Manchester United,Wolverhampton Wanderers,0.4429085244312331,0.21832071649382723,0.3387707590749396
Crystal Palace,Fulham,0.48026049412166155,0.22318560775457044,0.29655389812376803
Liverpool,Leeds,0.8449465283751333,0.0874334025241878,0.067620069100679
Brentford,Tottenham Hotspur,0.5313246673026822,0.18139341510318158,0.28728191759413635
Sunderland,Manchester City,0.08442399715397629,0.14047456256985683,0.7751014402761669
Aston Villa,Nottingham Forest,0.511178229503759,0.21732321072482944,0.2714985597714115
Brighton,Burnley,0.716946080297542,0.1409004256000675,0.14215349410239042
Wolverhampton Wanderers,West Ham,0.4153931473994366,0.22305642931852648,0.36155042328203685
Bournemouth,Arsenal,0.2089218782326254,0.21689285802651342,0.5741852637408611
Leeds,Manchester United,0.3038358146728195,0.20733805632705368,0.4888261290001268
Everton,Brentford,0.4356937630032164,0.23367941780988302,0.3306268191869004
Fulham,Liverpool,0.1960043671872499,0.1703457322045578,0.6336499006081923
Newcastle United,Crystal Palace,0.47691210772849896,0.2161690198408203,0.3069188724306807
Tottenham Hotspur,Sunderland,0.6488134319212256,0.18940952138755213,0.16177704669122228
Manchester City,Chelsea,0.5485280940242455,0.2016633110290669,0.24980859494668767
West Ham,Nottingham Forest,0.28658773273653826,0.22141967017043887,0.49199259709302284
Bournemouth,Tottenham Hotspur,0.43974629521954656,0.21429282556163412,0.3459608792188192
Brentford,Sunderland,0.7414365288740592,0.15055542000881142,0.10800805111712913
Crystal Palace,Aston Villa,0.3881109190698825,0.2419447384734973,0.3699443424566203
Everton,Wolverhampton Wanderers,0.5665572472189783,0.22009625039505987,0.2133465023859618
Fulham,Chelsea,0.2552435584304208,0.2112789700517672,0.5334774715178121
Manchester City,Brighton,0.652065489396157,0.15840655577726767,0.18952795482657514
Burnley,Manchester United,0.2688116216600513,0.2147126777480705,0.5164757005918783
Newcastle United,Leeds,0.7708826292379403,0.12327013592416233,0.10584723483789751
Arsenal,Liverpool,0.5088076204364474,0.2006572168866011,0.2905351626769514
Manchester United,Manchester City,0.16115448298994475,0.17323477603599935,0.6656107409740559
Chelsea,Brentford,0.5404583608923286,0.19554783417666616,0.2639938049310053
Leeds,Fulham,0.24293607630609232,0.18687987881068754,0.5701840448832202
Liverpool,Burnley,0.8496553022075503,0.08785983631225326,0.062484861480196566
Sunderland,Crystal Palace,0.16274174393720614,0.2062177364265283,0.6310405196362656
Tottenham Hotspur,West Ham,0.5346609581869974,0.1973759971967298,0.2679630446162728
Nottingham Forest,Arsenal,0.1715659447581125,0.19543878602297843,0.6329952692189091
Wolverhampton Wanderers,Newcastle United,0.21367009986639382,0.19472949923918578,0.5916004008944205
Aston Villa,Everton,0.42456298548579896,0.2593568848108335,0.31608012970336746
Brighton,Bournemouth,0.41552775722580215,0.20725931944183013,0.3772129233323677
West Ham,Sunderland,0.50165358057099,0.24790438957199923,0.2504420298570108
Burnley,Tottenham Hotspur,0.19078769799179002,0.16927621836130607,0.6399360836469039
Fulham,Brighton,0.3187662831125334,0.19396693779509588,0.48726677909237054
Manchester City,Wolverhampton Wanderers,0.7752706536107237,0.12663664423001464,0.09809270215926155
Bournemouth,Liverpool,0.24567536715507798,0.1951094452942649,0.5592151875506571
Brentford,Nottingham Forest,0.5276510954127592,0.19524921247845614,0.2770996921087846
Crystal Palace,Chelsea,0.32369946573981767,0.2329114679031505,0.4433890663570318
Newcastle United,Aston Villa,0.4835837871121115,0.21906171964689322,0.29735449324099533
Arsenal,Manchester United,0.7564933055310767,0.1451449761969183,0.09836171827200504
Everton,Leeds,0.6802937150292131,0.1732148507342151,0.14649143423657196
Brighton,Everton,0.3966828526382322,0.23173261826999872,0.3715845290917689
Leeds,Arsenal,0.07819411224019779,0.11355796644907559,0.8082479213107268
Wolverhampton Wanderers,Bournemouth,0.25871021666802246,0.21484737583172478,0.5264424075002526
Chelsea,West Ham,0.6931778884585071,0.1643785260356594,0.1424435855058335
Liverpool,Newcastle United,0.5348223688819037,0.1910529010693176,0.2741247300487787
Aston Villa,Brentford,0.45873577777161045,0.21064979850302915,0.3306144237253604
Manchester United,Fulham,0.37447161341187984,0.22222211711370193,0.40330626947441817
Nottingham Forest,Crystal Palace,0.30813835845425186,0.22888274176000512,0.46297889978574286
Tottenham Hotspur,Manchester City,0.19312413703709133,0.1723480566165088,0.6345278063463998
Sunderland,Burnley,0.3817436234768355,0.24242480101286104,0.37583157551030344
Arsenal,Sunderland,0.8363798391800356,0.11256484680714278,0.05105531401282173
Bournemouth,Aston Villa,0.3645995373012566,0.2430522846886538,0.39234817801008937
Brighton,Crystal Palace,0.39065673077398233,0.20673301589456086,0.40261025333145695
Burnley,West Ham,0.2914671974258662,0.2130928096159602,0.49543999295817337
Fulham,Everton,0.31758760400959857,0.25368629582245195,0.4287261001679493
Leeds,Nottingham Forest,0.2316927057181684,0.18706171097164337,0.5812455833101882
Liverpool,Manchester City,0.38995041378398115,0.20103815674718092,0.40901142946883806
Manchester United,Tottenham Hotspur,0.3539441868361473,0.20718486791056018,0.43887094525329245
Newcastle United,Brentford,0.5123158146555703,0.19597529736960523,0.2917088879748243
Wolverhampton Wanderers,Chelsea,0.19277615717272636,0.19223849492317893,0.6149853479040948
Aston Villa,Brighton,0.45244519177994913,0.2006181181574363,0.3469366900626145
Brentford,Arsenal,0.25242843329030834,0.19935680404573877,0.5482147626639529
Chelsea,Leeds,0.7860060846532017,0.119038597041985,0.09495531830481349
Crystal Palace,Burnley,0.6808169244491478,0.16977101253957538,0.14941206301127694
Everton,Bournemouth,0.42402143869858544,0.2559732050095184,0.320005356291896
Manchester City,Fulham,0.7129848747810084,0.15176166600559826,0.13525345921339332
Nottingham Forest,Wolverhampton Wanderers,0.47019261356352954,0.21926897191780245,0.3105384145186681
Sunderland,Liverpool,0.08806934011827923,0.12940811412822698,0.7825225457534937
Tottenham Hotspur,Newcastle United,0.3038341097790317,0.20136816639267108,0.49479772382829723
West Ham,Manchester United,0.35849884000483206,0.23483885867022627,0.40666230132494174
Aston Villa,Leeds,0.7198252721165895,0.14711883554636987,0.1330558923370407
Brentford,Brighton,0.4607330809674494,0.18245553496308936,0.3568113840694611
Chelsea,Burnley,0.7916697699457781,0.12069734910028536,0.08763288095393679
Crystal Palace,Wolverhampton Wanderers,0.5514794940746447,0.2090758195411714,0.23944468638418406
Everton,Manchester United,0.5506871641728451,0.23390833795645677,0.2154044978706981
Manchester City,Newcastle United,0.5861824737167306,0.19020800831482237,0.2236095179684471
Nottingham Forest,Liverpool,0.1983282860350065,0.1762475523155366,0.6254241616494569
Sunderland,Fulham,0.221807401934442,0.22370932268787605,0.554483275377682
Tottenham Hotspur,Arsenal,0.18236204544661969,0.1798231548352358,0.6378147997181445
West Ham,Bournemouth,0.23875097519922484,0.21542841628510623,0.545820608515669
Arsenal,Chelsea,0.5506243718097873,0.2121097183332799,0.23726590985693272
Bournemouth,Sunderland,0.6404366001447244,0.2102295183474081,0.14933388150786756
Brighton,Nottingham Forest,0.48182286481808995,0.19914421012966654,0.3190329250522436
Burnley,Brentford,0.15133672850233665,0.15396361898615812,0.6946996525115053
Fulham,Tottenham Hotspur,0.383228345836609,0.2063252113040676,0.4104464428593235
Leeds,Manchester City,0.08146793011526282,0.10856924133658488,0.8099628285481522
Liverpool,West Ham,0.7593588465024916,0.12962850610106824,0.11101264739644032
Manchester United,Crystal Palace,0.2839800948016863,0.2210861377924697,0.49493376740584394
Newcastle United,Everton,0.4732112662628303,0.24182829510126747,0.28496043863590226
Wolverhampton Wanderers,Aston Villa,0.24712098505571375,0.2156221470524649,0.5372568678918213
Aston Villa,Chelsea,0.36543761700124,0.23017030634620506,0.40439207665255505
Bournemouth,Brentford,0.3847978305882683,0.2190079290363648,0.396194240375367
Brighton,Arsenal,0.22001653176579333,0.18701569540883473,0.5929677728253719
Everton,Burnley,0.6874650207722617,0.1776486452886982,0.1348863339390401
Fulham,West Ham,0.49638604379799856,0.21540872157718186,0.2882052346248196
Leeds,Sunderland,0.46439729900601234,0.23227258108402055,0.3033301199099672
Manchester City,Nottingham Forest,0.6954120524601779,0.15997367269393553,0.14461427484588682
Newcastle United,Manchester United,0.6417969440390334,0.18187945405401523,0.17632360190695123
Tottenham Hotspur,Crystal Palace,0.3341994685736263,0.21073826555300204,0.4550622658733716
Wolverhampton Wanderers,Liverpool,0.13904597439156213,0.14537417139126327,0.7155798542171746
Arsenal,Everton,0.5962433483625652,0.223790568298782,0.17996608333865263
Brentford,Wolverhampton Wanderers,0.6235630013419124,0.17132421622276098,0.20511278243532644
Burnley,Bournemouth,0.1638717457894529,0.1779252662796667,0.6582029879308804
Chelsea,Newcastle United,0.4750849528622911,0.21516809162227626,0.3097469555154326
Crystal Palace,Leeds,0.6723530122324135,0.16608747176978547,0.16155951599780122
Liverpool,Tottenham Hotspur,0.6653050185515481,0.15252154995461215,0.18217343149383955
Manchester United,Aston Villa,0.29175476069305945,0.226949462759078,0.48129577654786265
Nottingham Forest,Fulham,0.40084337222236155,0.22593905749491325,0.3732175702827252
Sunderland,Brighton,0.1557413548956049,0.17043519717531427,0.6738234479290808
West Ham,Manchester City,0.11735169249277433,0.15088647970529928,0.7317618278019262
Aston Villa,West Ham,0.6191237407645515,0.19197001195020735,0.1889062472852411
Bournemouth,Manchester United,0.514254770029643,0.22706884271156036,0.2586763872587965
Brighton,Liverpool,0.25873622674369995,0.1712451330752403,0.5700186401810599
Everton,Chelsea,0.3453485915110567,0.2540159622800671,0.4006354462088763
Fulham,Burnley,0.6120190370136216,0.18483913647880432,0.20314182650757434
Leeds,Brentford,0.17329365049319845,0.153740675236115,0.6729656742706865
Manchester City,Crystal Palace,0.6124864034460906,0.1879807966213937,0.19953279993251574
Newcastle United,Sunderland,0.7561805907279053,0.15030311647649486,0.09351629279559992
Tottenham Hotspur,Nottingham Forest,0.41892561901926706,0.2096910241580807,0.37138335682265233
Wolverhampton Wanderers,Arsenal,0.1212421550507528,0.1612357340645866,0.7175221108846607
Arsenal,Bournemouth,0.6368049970785153,0.1911557651375506,0.17203923778393418
Brentford,Everton,0.43369722306258934,0.23339328682159804,0.3329094901158127
Burnley,Brighton,0.1421534941023904,0.1409004256000675,0.716946080297542
Chelsea,Manchester City,0.3439943341497126,0.2163508810501856,0.4396547848001019
Crystal Palace,Newcastle United,0.3536431936620333,0.22999443466559633,0.41636237167237033
Liverpool,Fulham,0.6751012361016379,0.15739845159380378,0.16750031230455822
Manchester United,Leeds,0.5687809167190616,0.18905183024388902,0.24216725303704936
Nottingham Forest,Aston Villa,0.31565559464261844,0.23443715350392091,0.4499072518534606
Sunderland,Tottenham Hotspur,0.20109477698967054,0.19982515675385837,0.5990800662564711
West Ham,Wolverhampton Wanderers,0.3615504232820369,0.2230564293185265,0.41539314739943667
Aston Villa,Sunderland,0.7056859467793215,0.17908953254296728,0.11522452067771108
Brentford,Fulham,0.5471821812623592,0.18918653111501751,0.26363128762262333
Chelsea,Manchester United,0.6622729131070801,0.17859290488035548,0.15913418201256452
Crystal Palace,West Ham,0.5702314601242239,0.20900647898128968,0.22076206089448638
Everton,Liverpool,0.2972123753684887,0.2218812935146661,0.48090633111684505
Leeds,Wolverhampton Wanderers,0.3010300352141729,0.19638027863072233,0.5025896861551047
Manchester City,Arsenal,0.4257147346053408,0.22373475283123562,0.35055051256342373
Newcastle United,Bournemouth,0.5017043058941794,0.21374231270905453,0.2845533813967661
Nottingham Forest,Burnley,0.6059680298514998,0.19059385994867448,0.2034381101998258
Tottenham Hotspur,Brighton,0.3456471874502762,0.1851007818992291,0.4692520306504947
Arsenal,Newcastle United,0.5891487040587995,0.1994283109870611,0.2114229849541394
Bournemouth,Leeds,0.6492269160523588,0.1737664967299108,0.17700658721773027
Brighton,Chelsea,0.32748185677616504,0.20224043584876134,0.47027770737507374
Burnley,Manchester City,0.07015678285899733,0.1070982864735869,0.8227449306674157
Fulham,Aston Villa,0.31646916103611683,0.22791025368236253,0.4556205852815207
Liverpool,Crystal Palace,0.564544463011179,0.1901801133081931,0.2452754236806278
Manchester United,Brentford,0.30059807904140257,0.2043123483116585,0.49508957264693887
Sunderland,Nottingham Forest,0.21260629936537162,0.22481681922770697,0.5625768814069213
West Ham,Everton,0.23445915850012464,0.24474747025025204,0.5207933712496232
Wolverhampton Wanderers,Tottenham Hotspur,0.30338722193200307,0.20011223183869736,0.4965005462292996
Arsenal,Fulham,0.7125711245371972,0.15886456095853302,0.12856431450427008
Aston Villa,Tottenham Hotspur,0.5157990405408036,0.20098598607890297,0.2832149733802932
Bournemouth,Crystal Palace,0.3577167157053926,0.2381628558997031,0.4041204283949043
Brentford,West Ham,0.6448800329456198,0.16894300011319588,0.18617696694118444
Chelsea,Nottingham Forest,0.5895187063051691,0.1963238981215713,0.21415739557325947
Everton,Manchester City,0.264362084898125,0.2349592588599152,0.5006786562419596
Leeds,Burnley,0.4384830110089011,0.2002937196895435,0.3612232693015557
Manchester United,Liverpool,0.17589289815149167,0.16430597441723643,0.659801127431272
Newcastle United,Brighton,0.5071955005477161,0.1875053808223191,0.3052991186299649
Wolverhampton Wanderers,Sunderland,0.5333713115094707,0.2352263507623381,0.23140233772819133
Brighton,Wolverhampton Wanderers,0.5767443333732601,0.18023656983479266,0.24301909679194722
Burnley,Aston Villa,0.1565437179846073,0.17747754922705358,0.6659787327883391
Crystal Palace,Everton,0.3823924183635724,0.2681261266120457,0.3494814550243818
Fulham,Bournemouth,0.33023784931228456,0.2258720754952421,0.44389007519247325
Liverpool,Chelsea,0.4961495785189561,0.20031384741562605,0.303536574065418
Manchester City,Brentford,0.6544418931208696,0.16476137002262317,0.18079673685650705
Nottingham Forest,Newcastle United,0.2808750463463739,0.2177735037179975,0.5013514499356286
Sunderland,Manchester United,0.2710229296406671,0.24842276102978986,0.480554309329543
Tottenham Hotspur,Leeds,0.6421585049186825,0.1615227394818173,0.19631875559950018
West Ham,Arsenal,0.11222717531456365,0.15910597823454295,0.7286668464508934
Arsenal,Burnley,0.8650062036655578,0.08660226016888861,0.04839153616555366
Aston Villa,Liverpool,0.30789271558896747,0.20157180160025745,0.49053548281077497
Bournemouth,Manchester City,0.22065006594448047,0.20558149527434394,0.5737684387811756
Brentford,Crystal Palace,0.43402442191746377,0.2084107251055573,0.3575648529769787
Chelsea,Tottenham Hotspur,0.5969885973026516,0.1814949055284229,0.2215164971689254
Everton,Sunderland,0.66001697568769,0.21407648528596734,0.12590653902634263
Leeds,Brighton,0.16367367189671098,0.14208312663315129,0.6942432014701376
Manchester United,Nottingham Forest,0.35924525903369325,0.2254828337842184,0.4152719071820882
Newcastle United,West Ham,0.6737729844396795,0.16808270472232564,0.15814431083799482
Wolverhampton Wanderers,Fulham,0.32485572355940256,0.21707899801760788,0.4580652784229895
Brighton,Manchester United,0.5670637206311566,0.18996131861412138,0.2429749607547219
Burnley,Wolverhampton Wanderers,0.26646888783805156,0.2025418807500829,0.5309892314118656
Crystal Palace,Arsenal,0.22769654753454766,0.22177659263931065,0.5505268598261417
Fulham,Newcastle United,0.28062963445401307,0.21155121692025358,0.5078191486257333
Liverpool,Brentford,0.6050140174499478,0.1691959117863829,0.22579007076366947
Manchester City,Aston Villa,0.6174548351897009,0.18947634881597053,0.19306881599432868
Nottingham Forest,Bournemouth,0.32939923172080615,0.2322766629839014,0.4383241052952924
Sunderland,Chelsea,0.12979348582391506,0.1842440758680158,0.6859624383080691
Tottenham Hotspur,Everton,0.34396876127305526,0.2384921420052079,0.4175390967217369
West Ham,Leeds,0.4811548035270902,0.20581984309529772,0.313025353377612
