home_team,away_team,home_win_prob,draw_prob,away_win_prob
Liverpool,Bournemouth,0.669882051498017,0.16121926733944406,0.168898681162539
Aston Villa,Newcastle United,0.4072904256056899,0.2047063772544986,0.3880031971398115
Brighton,Fulham,0.4623462103019278,0.19673281579475402,0.34092097390331816
Nottingham Forest,Brentford,0.4781722949019994,0.2122357040121628,0.30959200108583773
Sunderland,West Ham,0.22123868255173304,0.22074280572426713,0.5580185117239999
Tottenham Hotspur,Burnley,0.7222903711220526,0.13339301655194155,0.1443166123260059
Wolverhampton Wanderers,Manchester City,0.10689859522185285,0.13681398841867654,0.7562874163594707
Chelsea,Crystal Palace,0.5249487930249099,0.20150654723354053,0.2735446597415494
Manchester United,Arsenal,0.2867627742136173,0.1969587162602434,0.5162785095261393
Leeds,Everton,0.27557475254233915,0.2099533771816159,0.5144718702760451
Arsenal,Leeds,0.8014583559464193,0.11249233094650844,0.0860493131070722
Bournemouth,Wolverhampton Wanderers,0.5703370631494682,0.2057806078043968,0.22388232904613486
Brentford,Aston Villa,0.3974567578438829,0.2082624766857329,0.3942807654703841
Burnley,Sunderland,0.5003794998694603,0.2345487365802819,0.26507176355025786
Crystal Palace,Nottingham Forest,0.37917738696565545,0.2168390423835867,0.40398357065075785
Everton,Brighton,0.42169862278512354,0.21948388165337132,0.3588174955615052
Fulham,Manchester United,0.30559860763080804,0.19832811188954114,0.49607328047965077
Manchester City,Tottenham Hotspur,0.6840223806043856,0.14061809196539501,0.17535952743021943
Newcastle United,Liverpool,0.25865063201681654,0.17329948979036805,0.5680498781928152
West Ham,Chelsea,0.20040349015761588,0.18776291889942334,0.6118335909429607
Aston Villa,Crystal Palace,0.443783653764181,0.20814650032443807,0.3480698459113809
Brighton,Manchester City,0.20071998154425802,0.1676741441071287,0.6316058743486133
Chelsea,Fulham,0.6160119103273161,0.17953932740794218,0.2044487622647418
Leeds,Newcastle United,0.17810509014989262,0.15228599539472484,0.6696089144553825
Liverpool,Arsenal,0.4633037483654296,0.20147776080173602,0.3352184908328345
Manchester United,Burnley,0.6700129457446738,0.1634607379769509,0.16652631627837533
Nottingham Forest,West Ham,0.5824658692076738,0.19546835698403736,0.22206577380828874
Sunderland,Brentford,0.1404559696005072,0.1766982700634093,0.6828457603360836
Tottenham Hotspur,Bournemouth,0.4451963612097415,0.18904729990534203,0.36575633888491643
Wolverhampton Wanderers,Everton,0.26202910582400185,0.24001353443918397,0.49795735973681426
Arsenal,Nottingham Forest,0.5808039967950431,0.1973889303416047,0.22180707286335202
Bournemouth,Brighton,0.41380585404915227,0.2076472281246522,0.3785469178261956
Brentford,Chelsea,0.3050010999249094,0.2063472414653718,0.48865165860971876
Burnley,Liverpool,0.04719676182152682,0.07334294288251332,0.8794602952959598
Crystal Palace,Sunderland,0.7492575078615376,0.15569173452709503,0.09505075761136744
Everton,Aston Villa,0.3841063435435985,0.23687767227094275,0.3790159841854588
Fulham,Leeds,0.558641382706016,0.18456012148155784,0.2567984958124261
Manchester City,Manchester United,0.6078459222131068,0.16663688263104534,0.22551719515584773
Newcastle United,Wolverhampton Wanderers,0.7116590517286275,0.14941891068921012,0.1389220375821625
West Ham,Tottenham Hotspur,0.2910561935320682,0.18327674489603568,0.5256670615718961
Arsenal,Manchester City,0.4225398306053206,0.2176304768511145,0.35982969254356495
Bournemouth,Newcastle United,0.33488555743316234,0.21838739337746246,0.4467270491893753
Brighton,Tottenham Hotspur,0.419583400230976,0.17970338977707365,0.4007132099919505
Burnley,Nottingham Forest,0.14245730231170456,0.15500693467930127,0.7025357630089941
Fulham,Brentford,0.3659404665218712,0.21403537170582312,0.4200241617723056
Liverpool,Everton,0.6818570837633083,0.16883315477394326,0.1493097614627484
Manchester United,Chelsea,0.3598619264654681,0.20292575643854166,0.4372123170959903
Sunderland,Aston Villa,0.11904255338146279,0.1641011833219156,0.7168562632966217
West Ham,Crystal Palace,0.255827457099144,0.20297048678669385,0.5412020561141622
Wolverhampton Wanderers,Leeds,0.47146268474831154,0.19872939111516696,0.3298079241365215
Aston Villa,Fulham,0.5415917398600203,0.19283416354997038,0.2655740965900092
Brentford,Manchester United,0.3886049694743788,0.19728486557285901,0.4141101649527622
Chelsea,Brighton,0.5737672638761391,0.1801407675116886,0.24609196861217236
Crystal Palace,Liverpool,0.18479362709439698,0.16274792318832912,0.652458449717274
Everton,West Ham,0.5411397806061541,0.22278008204644834,0.23608013734739772
Leeds,Bournemouth,0.23126700501058461,0.1793212451477764,0.5894117498416391
Manchester City,Burnley,0.8786803712196821,0.07480433851202929,0.046515290268288545
Newcastle United,Arsenal,0.29860965626355357,0.2081199530428428,0.4932703906936038
Nottingham Forest,Sunderland,0.7636466271071154,0.1472184236925013,0.0891349492003833
Tottenham Hotspur,Wolverhampton Wanderers,0.6240721035814805,0.16285803709379787,0.2130698593247216
Arsenal,West Ham,0.7439704119439935,0.14721414738539407,0.10881544067061236
Aston Villa,Burnley,0.7435050879463355,0.13630272242646915,0.12019218962719541
Bournemouth,Fulham,0.4597620532349795,0.2177127823246067,0.3225251644404139
Brentford,Manchester City,0.21423249967114527,0.18051087699504856,0.6052566233338064
Chelsea,Liverpool,0.29232954574039494,0.18381955056588442,0.5238509036937206
Everton,Crystal Palace,0.37617302128763197,0.23896188948487998,0.384865089227488
Leeds,Tottenham Hotspur,0.25378027786708973,0.1626365681998251,0.5835831539330852
Manchester United,Sunderland,0.7500567248825646,0.1506274735110336,0.09931580160640181
Newcastle United,Nottingham Forest,0.4884888243049197,0.19790134604049142,0.3136098296545887
Wolverhampton Wanderers,Brighton,0.253588744446327,0.18640633686620106,0.560004918687472
Brighton,Newcastle United,0.32084392486526264,0.19326451135051903,0.4858915637842184
Burnley,Leeds,0.3501944939589749,0.1988787148484859,0.4509267911925393
Crystal Palace,Bournemouth,0.4074146945429732,0.22570252590772658,0.36688277954930026
Fulham,Arsenal,0.16731553701245166,0.17853862704898013,0.6541458359385682
Liverpool,Manchester United,0.623708322738566,0.1599653206227455,0.2163263566386884
Manchester City,Everton,0.6606982319999888,0.1815908152989563,0.15771095270105484
Nottingham Forest,Chelsea,0.32794885279121133,0.21424060247258295,0.45781054473620575
Sunderland,Wolverhampton Wanderers,0.22985798001275312,0.22170451147875925,0.5484375085084876
Tottenham Hotspur,Aston Villa,0.43520596712605936,0.18486299359523023,0.3799310392787103
West Ham,Brentford,0.30597670060175497,0.2101400000162892,0.48388329938195584
Arsenal,Crystal Palace,0.5896291152432437,0.19761541137055777,0.21275547338619855
Aston Villa,Manchester City,0.2728623746313592,0.19282915711554613,0.5343084682530945
Bournemouth,Nottingham Forest,0.3565790380506207,0.22197078740427786,0.42145017454510136
Brentford,Liverpool,0.17185023547371656,0.1515861861283322,0.6765635783979512
Chelsea,Sunderland,0.8389349108038735,0.10708793228919086,0.053977156906935705
Everton,Tottenham Hotspur,0.4049628789387053,0.20490590006766754,0.3901312209936272
Leeds,West Ham,0.3788333815450639,0.2001765772754818,0.42099004117945427
Manchester United,Brighton,0.43749361670440096,0.19255537157319258,0.3699510117224063
Newcastle United,Fulham,0.6037400518708351,0.17662921121362846,0.21963073691553642
Wolverhampton Wanderers,Burnley,0.5176167197755199,0.20346260624223064,0.2789206739822496
Brighton,Leeds,0.641395103429886,0.15760323478254248,0.20100166178757167
Burnley,Arsenal,0.07036357959696078,0.11188765307712957,0.8177487673259098
Crystal Palace,Brentford,0.4636015548873323,0.21680485995165613,0.31959358516101155
Fulham,Wolverhampton Wanderers,0.5003746553169032,0.21010798676777157,0.28951735791532524
Liverpool,Aston Villa,0.6611475001796536,0.1593357744574303,0.17951672536291596
Manchester City,Bournemouth,0.6560304686373012,0.1701046062540438,0.1738649251086549
Nottingham Forest,Manchester United,0.3887161600752116,0.2026979876445298,0.4085858522802587
Sunderland,Everton,0.1515728546914661,0.21971994002284573,0.6287072052856881
Tottenham Hotspur,Chelsea,0.35938475319987906,0.1854543318846418,0.4551609149154793
West Ham,Newcastle United,0.22001358392632744,0.18684431759483872,0.5931420984788338
Aston Villa,Bournemouth,0.4612636679456338,0.21194236164764566,0.32679397040672054
Brentford,Newcastle United,0.34824861319516975,0.20328163312443642,0.4484697536803939
Chelsea,Wolverhampton Wanderers,0.71755209994113,0.1528001574418228,0.12964774261704737
Crystal Palace,Brighton,0.43469594874738204,0.20226343199762895,0.363040619254989
Everton,Fulham,0.46287907474642487,0.22950575437726786,0.30761517087630724
Manchester City,Liverpool,0.3929555703059181,0.18681420543420665,0.4202302242598753
Nottingham Forest,Leeds,0.6590728855360168,0.16100402393377672,0.1799230905302064
Sunderland,Arsenal,0.05415010538789769,0.11175457485962806,0.8340953197524743
Tottenham Hotspur,Manchester United,0.43917722039421686,0.17996930768498354,0.38085347192079966
West Ham,Burnley,0.5425459110942453,0.19887895049828924,0.25857513840746543
Arsenal,Tottenham Hotspur,0.6215779088889867,0.1655625046723735,0.21285958643863984
Bournemouth,West Ham,0.5435276832228904,0.21097296330540713,0.24549935347170249
Brighton,Brentford,0.4273563535143715,0.20076273118082155,0.3718809153048068
Burnley,Chelsea,0.11507385734825196,0.14303143002443708,0.741894712627311
Fulham,Sunderland,0.684343331267671,0.18133524535120354,0.13432142338112543
Leeds,Aston Villa,0.22388935350654943,0.17213828078243365,0.6039723657110168
Liverpool,Nottingham Forest,0.6427407312698791,0.1636112917270033,0.1936479770031175
Manchester United,Everton,0.48579798454247874,0.22100774689566907,0.2931942685618521
Newcastle United,Manchester City,0.31315426879306413,0.19637756303283033,0.49046816817410555
Wolverhampton Wanderers,Crystal Palace,0.22339845331211405,0.1973554142086205,0.5792461324792655
Aston Villa,Wolverhampton Wanderers,0.650488011366741,0.17228408257061642,0.17722790606264258
Brentford,Burnley,0.7213224137789234,0.142777244565813,0.13590034165526377
Chelsea,Arsenal,0.345316376532488,0.21680086214984115,0.43788276131767084
Crystal Palace,Manchester United,0.3734308764209808,0.2049609332436072,0.42160819033541197
Everton,Newcastle United,0.349854745309225,0.2331242589618434,0.41702099572893164
Manchester City,Leeds,0.8507980631653057,0.08498999259631344,0.06421194423838086
Nottingham Forest,Brighton,0.44986426026919946,0.19878805826927598,0.35134768146152473
Sunderland,Bournemouth,0.12476518577741041,0.17511397541104176,0.7001208388115479
Tottenham Hotspur,Fulham,0.5202313174328791,0.17747887131332438,0.3022898112537965
West Ham,Liverpool,0.09918534040408698,0.11760081089899435,0.7832138486969187
Arsenal,Brentford,0.6806009600627155,0.17379999389379525,0.14559904604348906
Bournemouth,Everton,0.4017739038615842,0.2563623402075743,0.34186375593084145
Brighton,Aston Villa,0.3718534338327803,0.20093385966142607,0.4272127065057936
Burnley,Crystal Palace,0.15103427140029474,0.16222596132431166,0.6867397672753937
Fulham,Manchester City,0.16744542542892388,0.1655779302408379,0.6669766443302382
Leeds,Chelsea,0.1729790451777828,0.15707891340972197,0.6699420414124951
Liverpool,Sunderland,0.9107995691428947,0.06184160935844192,0.027358821498663276
Manchester United,West Ham,0.5745326007207464,0.19126109219877754,0.23420630708047604
Newcastle United,Tottenham Hotspur,0.5601240461212713,0.16771301391077154,0.27216293996795726
Wolverhampton Wanderers,Nottingham Forest,0.21385918836725637,0.19105620169417378,0.5950846099385699
Aston Villa,Arsenal,0.26569959875141136,0.20464208375037055,0.5296583174982182
Bournemouth,Chelsea,0.2928506021436705,0.2193644285698504,0.4877849692864792
Brighton,West Ham,0.5542223780937918,0.1898113351976043,0.255966286708604
Everton,Nottingham Forest,0.3663997402877604,0.23526691421604504,0.3983333454961947
Fulham,Crystal Palace,0.3070596503051107,0.21034499030473153,0.48259535939015774
Leeds,Liverpool,0.07803324125637137,0.0912377067696025,0.830729051974026
Manchester City,Sunderland,0.9071352156771458,0.06506356774089066,0.027801216581963505
Newcastle United,Burnley,0.8004826435404235,0.11101789418379703,0.08849946227577946
Tottenham Hotspur,Brentford,0.4817715723602464,0.1819108827192472,0.3363175449205065
Wolverhampton Wanderers,Manchester United,0.23159607655656117,0.18873298115684947,0.5796709422865893
Arsenal,Wolverhampton Wanderers,0.77397977489535,0.1358928901465166,0.09012733495813342
Brentford,Leeds,0.6812272740258555,0.14894542851565246,0.16982729745849223
Burnley,Fulham,0.21107574162744874,0.18364180783413667,0.6052824505384147
Chelsea,Everton,0.5606838087849487,0.21625277239512639,0.223063418819925
Crystal Palace,Manchester City,0.23351276256300874,0.1935301903980338,0.5729570470389574
Liverpool,Brighton,0.7014384594458185,0.14010531878313462,0.1584562217710469
Manchester United,Bournemouth,0.4416441823912038,0.2085196595158046,0.3498361580929915
Nottingham Forest,Tottenham Hotspur,0.4466241395235683,0.1883056285684138,0.36507023190801796
Sunderland,Newcastle United,0.09285873504857611,0.13904648929221602,0.7680947756592078
West Ham,Aston Villa,0.2621197334832418,0.20253703246699734,0.535343234049761
Aston Villa,Manchester United,0.4312650246213954,0.19607741328620792,0.37265756209239687
Bournemouth,Burnley,0.667644058670881,0.17141759254938302,0.16093834877973598
Brighton,Sunderland,0.7559073082883183,0.14307070767876348,0.10102198403291841
Everton,Arsenal,0.22344940476410677,0.22475356275280406,0.5517970324830891
Fulham,Nottingham Forest,0.2961209561134535,0.20564011722131706,0.49823892666522945
Leeds,Crystal Palace,0.2188261608971975,0.1720173977364246,0.6091564413663779
Manchester City,West Ham,0.7946250035947477,0.11687698858041219,0.08849800782484013
Newcastle United,Chelsea,0.4110833265621311,0.20647675035831103,0.38243992307955776
Tottenham Hotspur,Liverpool,0.20647943032497693,0.14448902554925555,0.6490315441257677
Wolverhampton Wanderers,Brentford,0.2718982124887954,0.20653664386940115,0.5215651436418034
Arsenal,Brighton,0.6475085832234808,0.17031056733467856,0.18218084944184076
Brentford,Bournemouth,0.4020889691771244,0.21567052345976742,0.38224050736310833
Burnley,Everton,0.19476624586943014,0.20995529253933026,0.5952784615912395
Chelsea,Aston Villa,0.5336517380880141,0.1986379220511801,0.2677103398608059
Crystal Palace,Tottenham Hotspur,0.43024663368356764,0.19124090897767942,0.37851245733875294
Liverpool,Wolverhampton Wanderers,0.8225104267794892,0.10300731653149198,0.07448225668901902
Manchester United,Newcastle United,0.3827963032145789,0.19992993835668754,0.4172737584287337
Nottingham Forest,Manchester City,0.24340985702494072,0.19319843204775217,0.5633917109273071
Sunderland,Leeds,0.2701286152305645,0.21165503445268952,0.5182163503167461
West Ham,Fulham,0.3356248853779172,0.21136792353631725,0.4530071910857655
Arsenal,Aston Villa,0.5988345434799165,0.19385708653363068,0.2073083699864528
Brentford,Tottenham Hotspur,0.4563563139740045,0.18149042102883944,0.3621532649971561
Burnley,Newcastle United,0.12018423038666821,0.1387641691865282,0.7410516004268035
Chelsea,Bournemouth,0.5438856470771792,0.20311748687107575,0.2529968660517451
Crystal Palace,Fulham,0.4825953593901577,0.21034499030473153,0.3070596503051107
Liverpool,Leeds,0.8512369699110371,0.08372714986843972,0.06503588022052326
Manchester United,Wolverhampton Wanderers,0.5929854532881552,0.18750561279349306,0.2195089339183518
Nottingham Forest,Everton,0.44274164608500477,0.24216951830219194,0.3150888356128032
Sunderland,Manchester City,0.05057224753616699,0.09694249070672131,0.8524852617571117
West Ham,Brighton,0.2828426955735058,0.19090924453301358,0.5262480598934807
Aston Villa,Nottingham Forest,0.43256471862659474,0.20600827532190294,0.36142700605150235
Bournemouth,Arsenal,0.2075029699411658,0.20695435705973342,0.5855426729991006
Brighton,Burnley,0.6842622787748964,0.1525467888742877,0.16319093235081572
Everton,Brentford,0.4554064999133325,0.23758438909002733,0.3070091109966401
Fulham,Liverpool,0.12856644030012326,0.13414479115788108,0.7372887685419957
Leeds,Manchester United,0.2408680398283624,0.17318084961848312,0.5859511105531545
Manchester City,Chelsea,0.5501889194291021,0.1908204048987036,0.2589906756721942
Newcastle United,Crystal Palace,0.4992005813695793,0.19918462060185624,0.3016147980285644
Tottenham Hotspur,Sunderland,0.8001697176160615,0.11637655948253585,0.08345372290140242
Wolverhampton Wanderers,West Ham,0.3876715135855011,0.22221507735393262,0.39011340906056624
Arsenal,Liverpool,0.3561364656262259,0.2001295705645056,0.44373396380926833
Bournemouth,Tottenham Hotspur,0.40897763935558734,0.1953970603783313,0.39562530026608134
Brentford,Sunderland,0.7796354085113647,0.1347307676720608,0.08563382381657451
Burnley,Manchester United,0.1665263162783753,0.16346073797695088,0.6700129457446737
Crystal Palace,Aston Villa,0.39834877178297545,0.2181581382267544,0.3834930899902701
Everton,Wolverhampton Wanderers,0.5712374479795028,0.21735578045667683,0.21140677156382037
Fulham,Chelsea,0.2436113745072866,0.19901961108926075,0.5573690144034527
Manchester City,Brighton,0.6972230594454628,0.14442577477454355,0.1583511657799938
Newcastle United,Leeds,0.7650278211495536,0.12005874492385202,0.11491343392659445
West Ham,Nottingham Forest,0.2454003276691227,0.19727178748431143,0.5573278848465659
Aston Villa,Everton,0.48223543562027016,0.22933315610549987,0.28843140827423
Brighton,Bournemouth,0.37854691782619554,0.20764722812465217,0.4138058540491522
Chelsea,Brentford,0.6056089331998105,0.1864777785357425,0.20791328826444708
Leeds,Fulham,0.2928222274868683,0.18609381402211342,0.5210839584910181
Liverpool,Burnley,0.8794602952959597,0.07334294288251332,0.047196761821526816
Manchester United,Manchester City,0.2753085627660482,0.1853046904040073,0.5393867468299445
Nottingham Forest,Arsenal,0.2375825665110909,0.20551626128582964,0.5569011722030794
Sunderland,Crystal Palace,0.11601934439819729,0.16377377403437038,0.7202068815674325
Tottenham Hotspur,West Ham,0.6101594725008879,0.1665904469006859,0.22325008059842627
Wolverhampton Wanderers,Newcastle United,0.18927735377553986,0.17889688333853895,0.6318257628859213
Arsenal,Manchester United,0.5410345279700246,0.19051990216971507,0.2684455698602602
Bournemouth,Liverpool,0.16889868116253903,0.16121926733944408,0.6698820514980169
Brentford,Nottingham Forest,0.3762351407147512,0.20699801400907897,0.4167668452761698
Burnley,Tottenham Hotspur,0.17819617848684768,0.1528244367346864,0.668979384778466
Crystal Palace,Chelsea,0.31544259164130906,0.2160269664072347,0.46853044195145616
Everton,Leeds,0.6107673310464927,0.1869612943370682,0.20227137461643901
Fulham,Brighton,0.3409209739033182,0.19673281579475405,0.4623462103019279
Manchester City,Wolverhampton Wanderers,0.8188248999527103,0.10685036046508474,0.07432473958220495
Newcastle United,Aston Villa,0.5097774487545198,0.1962051963334165,0.29401735491206377
West Ham,Sunderland,0.6301144654376691,0.2027835248528894,0.16710200970944133
Aston Villa,Brentford,0.5194326606785045,0.1999689837381265,0.280598355583369
Brighton,Everton,0.4066649096993517,0.22900016773726845,0.3643349225633798
Chelsea,West Ham,0.6913721544935049,0.16119208119387582,0.14743576431261946
Leeds,Arsenal,0.11218010786063004,0.12913619919525893,0.7586836929441111
Liverpool,Newcastle United,0.6246236435517365,0.16735437644567858,0.20802198000258493
Manchester United,Fulham,0.4960732804796507,0.19832811188954114,0.30559860763080804
Nottingham Forest,Crystal Palace,0.40398357065075785,0.2168390423835867,0.37917738696565545
Sunderland,Burnley,0.3111997894852187,0.23181213550028204,0.4569880750144992
Tottenham Hotspur,Manchester City,0.2580903154411144,0.1658179513649884,0.5760917331938972
Wolverhampton Wanderers,Bournemouth,0.23575499742090428,0.20656971114312694,0.5576752914359688
Arsenal,Sunderland,0.8679636817010948,0.09356421739914242,0.03847210089976261
Bournemouth,Aston Villa,0.3754102237582215,0.22387924010821103,0.40071053613356755
Brighton,Crystal Palace,0.363040619254989,0.20226343199762897,0.43469594874738204
Burnley,West Ham,0.28425405047632174,0.20896525741520522,0.506780692108473
Fulham,Everton,0.3516628467304253,0.24373388122145995,0.4046032720481145
Leeds,Nottingham Forest,0.2077218884286298,0.16610728618944526,0.626170825381925
Liverpool,Manchester City,0.4771268398605084,0.19041319490350228,0.3324599652359892
Manchester United,Tottenham Hotspur,0.42750402871501425,0.18507532456699416,0.3874206467179916
Newcastle United,Brentford,0.5814404676352041,0.18514252511362905,0.233417007251167
Wolverhampton Wanderers,Chelsea,0.1700260264776869,0.1792676670490597,0.6507063064732534
Aston Villa,Brighton,0.4926681946969388,0.1892147173229824,0.31811708798007876
Brentford,Arsenal,0.20253618976725324,0.19174948708925146,0.6057143231434953
Chelsea,Leeds,0.7547795453745665,0.12786416766799527,0.11735628695743815
Crystal Palace,Burnley,0.6867397672753935,0.16222596132431166,0.15103427140029474
Everton,Bournemouth,0.3944028734258873,0.24609312541688996,0.3595040011572228
Manchester City,Fulham,0.7295450906477903,0.13989381802362005,0.13056109132858965
Nottingham Forest,Wolverhampton Wanderers,0.6077385735430687,0.18966552586674765,0.20259590059018368
Sunderland,Liverpool,0.0349406449201175,0.06904795786012691,0.8960113972197555
Tottenham Hotspur,Newcastle United,0.3786108856996632,0.1810389350449511,0.44035017925538567
West Ham,Manchester United,0.25898820508421594,0.19291740228339146,0.5480943926323925
Aston Villa,Leeds,0.7028382946219472,0.1439554061964224,0.15320629918163023
Brentford,Brighton,0.44533432215477264,0.19163313936406412,0.3630325384811631
Chelsea,Burnley,0.7928579533447065,0.11822564434519425,0.08891640231009915
Crystal Palace,Wolverhampton Wanderers,0.5919389617651929,0.19620775100667265,0.21185328722813448
Everton,Manchester United,0.34437574542040805,0.21747488586772112,0.43814936871187066
Manchester City,Newcastle United,0.6133194258149652,0.17503671368360965,0.21164386050142509
Nottingham Forest,Liverpool,0.19364797700311753,0.1636112917270033,0.6427407312698792
Sunderland,Fulham,0.16240250777756346,0.18802312807022267,0.649574364152214
Tottenham Hotspur,Arsenal,0.2651779149514452,0.17648322731158683,0.5583388577369679
West Ham,Bournemouth,0.2699299843815863,0.21147163280106585,0.5185983828173479
Arsenal,Chelsea,0.5020833652880387,0.21377934598794265,0.2841372887240188
Bournemouth,Sunderland,0.7297447622679233,0.16755791020034158,0.10269732753173531
Brighton,Nottingham Forest,0.3513476814615247,0.19878805826927598,0.4498642602691994
Burnley,Brentford,0.17883938852063197,0.171514732053743,0.649645879425625
Fulham,Tottenham Hotspur,0.34663915111459803,0.18764581992109883,0.4657150289643031
Leeds,Manchester City,0.10510718103678104,0.11610089038826354,0.7787919285749556
Liverpool,West Ham,0.800800315282078,0.11195405104985234,0.08724563366806973
Manchester United,Crystal Palace,0.42160819033541197,0.20496093324360723,0.37343087642098083
Newcastle United,Everton,0.5291401060630088,0.21791031896046564,0.25294957497652554
Wolverhampton Wanderers,Aston Villa,0.22997621768253845,0.1972565657497511,0.5727672165677105
Aston Villa,Chelsea,0.3639373738234372,0.20947594477704376,0.42658668139951883
Bournemouth,Brentford,0.44166907994394433,0.22439394043771183,0.33393697961834384
Brighton,Arsenal,0.19759230767164346,0.17924207574056214,0.6231656165877945
Everton,Burnley,0.6577296144839565,0.18334875042066134,0.15892163509538218
Fulham,West Ham,0.4802092162068628,0.2130510901979624,0.30673969359517467
Leeds,Sunderland,0.6090018629909849,0.1931467827645939,0.19785135424442118
Manchester City,Nottingham Forest,0.6297605958488736,0.1715112545813092,0.19872814956981727
Newcastle United,Manchester United,0.4879251755296666,0.18804672563182312,0.32402809883851014
Tottenham Hotspur,Crystal Palace,0.4279438935792689,0.18619748855957075,0.38585861786116027
Wolverhampton Wanderers,Liverpool,0.07989586793776951,0.10597792488317605,0.8141262071790544
Arsenal,Everton,0.6122277908174015,0.21226302188737145,0.17550918729522713
Brentford,Wolverhampton Wanderers,0.6111246088152037,0.18153915887996175,0.2073362323048346
Burnley,Bournemouth,0.16093834877973595,0.17141759254938305,0.6676440586708811
Chelsea,Newcastle United,0.4947076627464105,0.20203206025629022,0.30326027699729935
Crystal Palace,Leeds,0.6423199777489328,0.16747514639043296,0.19020487586063425
Liverpool,Tottenham Hotspur,0.688701898064671,0.137252838450068,0.17404526348526103
Manchester United,Aston Villa,0.42666521719797557,0.20364613692456135,0.3696886458774631
Nottingham Forest,Fulham,0.49823892666522945,0.20564011722131706,0.2961209561134535
Sunderland,Brighton,0.12434292665310674,0.15193673354638232,0.7237203398005109
West Ham,Manchester City,0.13200831025017562,0.14905597062946488,0.7189357191203595
Aston Villa,West Ham,0.6261039091810072,0.17883616087512272,0.19505992994387011
Bournemouth,Manchester United,0.3498361580929915,0.2085196595158046,0.4416441823912038
Brighton,Liverpool,0.1584562217710469,0.14010531878313462,0.7014384594458185
Everton,Chelsea,0.3027165215069901,0.23307187525939882,0.46421160323361105
Fulham,Burnley,0.6052824505384146,0.18364180783413664,0.21107574162744874
Leeds,Brentford,0.2519702361719128,0.1776686968540423,0.5703610669740449
Manchester City,Crystal Palace,0.6388364310787304,0.17102268577122007,0.19014088315004946
Newcastle United,Sunderland,0.8458579824661923,0.10005636342395459,0.05408565410985298
Tottenham Hotspur,Nottingham Forest,0.41418143511064787,0.18425429021602038,0.40156427467333167
Wolverhampton Wanderers,Arsenal,0.10628820693401803,0.1495042086193194,0.7442075844466627
Arsenal,Bournemouth,0.6089630177960957,0.19781585509823424,0.19322112710566988
Brentford,Everton,0.4174257580303213,0.2384628947339246,0.34411134723575415
Burnley,Brighton,0.1631909323508157,0.1525467888742877,0.6842622787748964
Chelsea,Manchester City,0.3545154453314086,0.20514380892112924,0.44034074574746235
Crystal Palace,Newcastle United,0.35628565551142766,0.21384624348785516,0.4298681010007172
Liverpool,Fulham,0.7372887685419958,0.13414479115788108,0.12856644030012326
Manchester United,Leeds,0.6215208870492509,0.1691694892661632,0.20930962368458592
Nottingham Forest,Aston Villa,0.41257570977227004,0.21485596150391614,0.37256832872381396
Sunderland,Tottenham Hotspur,0.13067965430272324,0.14813035377209965,0.7211899919251771
West Ham,Wolverhampton Wanderers,0.4365932995226015,0.21829976064603385,0.3451069398313646
Aston Villa,Sunderland,0.800151082883932,0.1258668532126806,0.07398206390338735
Brentford,Fulham,0.494799423125438,0.19886867429391425,0.3063319025806478
Chelsea,Manchester United,0.4952035513550718,0.19181350805350714,0.3129829405914213
Crystal Palace,West Ham,0.566325215334712,0.20168858275912893,0.23198620190615904
Everton,Liverpool,0.18177476776382498,0.17604434853316045,0.6421808837030145
Leeds,Wolverhampton Wanderers,0.3866400204916645,0.19859147818314307,0.4147685013251923
Manchester City,Arsenal,0.4371534249750959,0.21161826563703884,0.3512283093878654
Newcastle United,Bournemouth,0.5160483574837239,0.2016842570101626,0.28226738550611324
Nottingham Forest,Burnley,0.7025357630089941,0.1550069346793013,0.1424573023117046
Tottenham Hotspur,Brighton,0.45481294384950266,0.1742896458246581,0.3708974103258393
Arsenal,Newcastle United,0.5700272169225945,0.19984483824385327,0.2301279448335522
Bournemouth,Leeds,0.6226141042334253,0.17549763260181298,0.20188826316476183
Brighton,Chelsea,0.2903018799854068,0.19613557932037612,0.5135625406942173
Burnley,Manchester City,0.06603332290666446,0.09860605472330085,0.8353606223700346
Fulham,Aston Villa,0.3142937384610108,0.20942460438659397,0.4762816571523953
Liverpool,Crystal Palace,0.652458449717274,0.16274792318832912,0.18479362709439698
Manchester United,Brentford,0.4778349848037662,0.2022561535294365,0.31990886166679733
Sunderland,Nottingham Forest,0.1091848101038197,0.15561148916478065,0.7352037007313996
West Ham,Everton,0.3011812915258019,0.24158894347927556,0.45722976499492257
Wolverhampton Wanderers,Tottenham Hotspur,0.2660468423574739,0.17986425182703,0.5540889058154963
Arsenal,Fulham,0.6775585974311268,0.16866102238179456,0.15378038018707843
Aston Villa,Tottenham Hotspur,0.49197478089631114,0.17990685084954716,0.32811836825414187
Bournemouth,Crystal Palace,0.36688277954930026,0.22570252590772655,0.40741469454297313
Brentford,West Ham,0.5866197939675845,0.1875798366179031,0.22580036941451254
Chelsea,Nottingham Forest,0.5143141441755712,0.20066455925853352,0.2850212965658952
Everton,Manchester City,0.23108360051884094,0.21139064339619518,0.5575257560849638
Leeds,Burnley,0.49933993194256815,0.18946954222182671,0.3111905258356049
Manchester United,Liverpool,0.21632635663868843,0.1599653206227455,0.6237083227385661
Newcastle United,Brighton,0.5589161179404012,0.1765321527924699,0.26455172926712894
Wolverhampton Wanderers,Sunderland,0.6047048446153522,0.21183183529913685,0.18346332008551103
Brighton,Wolverhampton Wanderers,0.5740707191667689,0.18541403081928348,0.24051525001394758
Burnley,Aston Villa,0.15510507408777666,0.16266930665584986,0.6822256192563735
Crystal Palace,Everton,0.4286089923965578,0.24699880405634794,0.3243922035470943
Fulham,Bournemouth,0.3225251644404139,0.2177127823246067,0.45976205323497943
Liverpool,Chelsea,0.5697746593924101,0.18155074689695774,0.2486745937106321
Manchester City,Brentford,0.7224456061834058,0.14617695127987282,0.13137744253672146
Nottingham Forest,Newcastle United,0.3693856298573132,0.2113467575814246,0.41926761256126216
Sunderland,Manchester United,0.12161897280102121,0.15905189985021834,0.7193291273487603
Tottenham Hotspur,Leeds,0.6795998546452301,0.14089352706706115,0.17950661828770875
West Ham,Arsenal,0.13384833903029195,0.16253625267740884,0.7036154082922992
Arsenal,Burnley,0.8358385285626644,0.10177930990128536,0.062382161536050244
Aston Villa,Liverpool,0.22024494911981574,0.1664672703706787,0.6132877805095056
Bournemouth,Manchester City,0.21458602831052873,0.1941879579845036,0.5912260137049676
Brentford,Crystal Palace,0.38692669364487253,0.21021155282481507,0.4028617535303124
Chelsea,Tottenham Hotspur,0.5603453257916902,0.17279018149438458,0.26686449271392526
Everton,Sunderland,0.7161449676060333,0.18195504237309484,0.10189999002087173
Leeds,Brighton,0.2331716354507305,0.1625696883886688,0.6042586761606007
Manchester United,Nottingham Forest,0.40858585228025873,0.2026979876445298,0.3887161600752116
Newcastle United,West Ham,0.686724134952019,0.15744701794952487,0.15582884709845607
Wolverhampton Wanderers,Fulham,0.3037475255852102,0.20974834426464936,0.48650413015014043
Brighton,Manchester United,0.3699510117224064,0.1925553715731926,0.437493616704401
Burnley,Wolverhampton Wanderers,0.2921320630348488,0.20822922627749396,0.4996387106876574
Crystal Palace,Arsenal,0.22807250344299373,0.206061294316041,0.5658662022409653
Fulham,Newcastle United,0.27005692928498776,0.1980244869967971,0.5319185837182152
Liverpool,Brentford,0.7287132789661288,0.14010553579301344,0.1311811852408578
Manchester City,Aston Villa,0.6486450731503033,0.16714015613722583,0.18421477071247097
Nottingham Forest,Bournemouth,0.4214501745451014,0.2219707874042779,0.35657903805062074
Sunderland,Chelsea,0.08738355332554613,0.14211441774963932,0.7705020289248146
Tottenham Hotspur,Everton,0.48989744933503404,0.20127640772671462,0.3088261429382514
West Ham,Leeds,0.49516612331697973,0.19596318325193013,0.30887069343108997
