home_team,away_team,home_win_prob,draw_prob,away_win_prob
Manchester United,Fulham,0.4901853759851408,0.21228755772303237,0.2975270662918269
Ipswich,Liverpool,0.06648970063477211,0.09155516377024465,0.8419551355949833
Arsenal,Wolverhampton Wanderers,0.675173386470574,0.17014172554350446,0.15468488798592156
Everton,Brighton,0.4066639760923151,0.23525474274115954,0.3580812811665254
Newcastle United,Southampton,0.7336494209590732,0.14306141068380548,0.12328916835712114
Nottingham Forest,Bournemouth,0.4337426567665819,0.20466152959455441,0.3615958136388638
West Ham,Aston Villa,0.3503898320753357,0.2149345734540996,0.4346755944705648
Brentford,Crystal Palace,0.4242446352528451,0.22173069129735856,0.3540246734497964
Chelsea,Manchester City,0.3293864758931966,0.19683770708287684,0.47377581702392657
Leicester,Tottenham Hotspur,0.17392229866361666,0.16308648921202964,0.6629912121243537
Brighton,Manchester United,0.35818096227189394,0.21959567430333124,0.4222233634247749
Crystal Palace,West Ham,0.5059045490318885,0.21628522580927154,0.27781022515883996
Fulham,Leicester,0.5665487790722646,0.19997179477700847,0.2334794261507269
Manchester City,Ipswich,0.8471792329366524,0.09192350193905975,0.06089726512428791
Southampton,Nottingham Forest,0.19692941066111094,0.18167162416435684,0.6213989651745321
Tottenham Hotspur,Everton,0.5615654372824416,0.20088365278852907,0.23755090992902922
Aston Villa,Arsenal,0.23863793556573745,0.19146557253728524,0.5698964918969774
<<<<<<< HEAD
Bournemouth,Newcastle,0.37805894873745916,0.2013457051384053,0.4205953461241354
Wolves,Chelsea,0.25409246021058574,0.20321787174928088,0.5426896680401333
Liverpool,Brentford,0.6804127713757587,0.15439001631625116,0.16519721230799023
=======
Bournemouth,Newcastle United,0.3669528679134714,0.1989960847258454,0.4340510473606833
Wolverhampton Wanderers,Chelsea,0.25409246021058574,0.20321787174928088,0.5426896680401333
Liverpool,Brentford,0.6804127713757587,0.15439001631625116,0.1651972123079902
>>>>>>> ae749f38 (Force update of all visual and data table assets)
Arsenal,Brighton,0.652790406184364,0.17425557768024993,0.17295401613538605
Brentford,Southampton,0.6748726470412011,0.17013869773562848,0.15498865522317046
Everton,Bournemouth,0.3713007992319578,0.22624308713783997,0.4024561136302024
Ipswich,Fulham,0.24572187298230583,0.20162438188911175,0.5526537451285823
Leicester,Aston Villa,0.2572314648994788,0.20205585463260006,0.540712680467921
Nottingham Forest,Wolverhampton Wanderers,0.5010161773367178,0.2104550997729307,0.28852872289035153
West Ham,Manchester City,0.16579912917579243,0.1580316477230124,0.6761692231011952
Chelsea,Crystal Palace,0.5277276741236706,0.2078570303754381,0.2644152955008912
Newcastle United,Tottenham Hotspur,0.394236172176367,0.19384088681455988,0.41192294100907306
Manchester United,Liverpool,0.21832741639953362,0.17499378846167718,0.6066787951387893
Southampton,Manchester United,0.18949685805693522,0.18568013428017824,0.6248230076628866
Brighton,Ipswich,0.6152385234155308,0.18987614115303547,0.1948853354314337
Crystal Palace,Leicester,0.6069487466406183,0.1954325718810481,0.19761868147833353
Fulham,West Ham,0.46136848188971746,0.2152813109065619,0.32335020720372065
Liverpool,Nottingham Forest,0.6881502678017801,0.14964833602529665,0.16220139617292315
Manchester City,Brentford,0.6392031124761848,0.1689675195765228,0.19182936794729227
Aston Villa,Everton,0.4524316297168633,0.22837311742555866,0.31919525285757805
Bournemouth,Chelsea,0.31370694318733094,0.2014396088808922,0.4848534479317768
Tottenham Hotspur,Arsenal,0.3270980600229767,0.19772715997316045,0.475174780003863
Wolverhampton Wanderers,Newcastle United,0.298035583124534,0.204507421735573,0.4974569951398931
West Ham,Chelsea,0.24180851267266262,0.19530001378572778,0.5628914735416096
Aston Villa,Wolverhampton Wanderers,0.4801018050272818,0.21594364850135447,0.30395454647136366
Fulham,Newcastle United,0.3221376050672824,0.20113934421655122,0.4767230507161664
Leicester,Everton,0.2929153889805154,0.2295216268556652,0.47756298416381937
Liverpool,Bournemouth,0.6973827274712325,0.1459437030200588,0.15667356950870878
<<<<<<< HEAD
Southampton,Ipswich,0.4084507939721433,0.22608037344041274,0.365468832587444
Spurs,Brentford,0.5151226314107079,0.19482724549859046,0.2900501230907016
Crystal Palace,Man Utd,0.4002442976907386,0.22567159364203943,0.3740841086672221
=======
Southampton,Ipswich,0.40845079397214323,0.22608037344041274,0.365468832587444
Tottenham Hotspur,Brentford,0.5151226314107079,0.19482724549859046,0.2900501230907016
Crystal Palace,Manchester United,0.4002442976907386,0.22567159364203943,0.3740841086672221
>>>>>>> ae749f38 (Force update of all visual and data table assets)
Brighton,Nottingham Forest,0.37504310448526357,0.21295671378310047,0.41200018173163594
Manchester City,Arsenal,0.44788629852035616,0.20040536157511085,0.35170833990453315
Newcastle United,Manchester City,0.2748646637788425,0.18147336640235215,0.5436619698188053
Arsenal,Leicester,0.7816893028857957,0.12649862813035403,0.09181206898385
Brentford,West Ham,0.5167756015745869,0.2076390047607983,0.27558539366461476
Chelsea,Brighton,0.5788957817269222,0.193364169629677,0.22774004864340083
Everton,Crystal Palace,0.3645996841247859,0.24065306782694054,0.3947472480482736
Nottingham Forest,Fulham,0.47788563670217754,0.20708579473273334,0.3150285685650892
Wolverhampton Wanderers,Liverpool,0.15167215548597227,0.15146441511559017,0.6968634293984376
Ipswich,Aston Villa,0.21915215355878334,0.1916917306502527,0.5891561157909639
Manchester United,Tottenham Hotspur,0.35744845723576407,0.20456305749826337,0.43798848526597256
Bournemouth,Southampton,0.6741899668271255,0.16681162930416282,0.1589984038687119
Crystal Palace,Liverpool,0.2056837734083588,0.17472245373545536,0.6195937728561859
Arsenal,Southampton,0.8227118255100023,0.10790825488226881,0.06937991960772888
Brentford,Wolverhampton Wanderers,0.5000070801035511,0.21435771895038552,0.2856352009460634
Leicester,Bournemouth,0.24607524910101164,0.19470920265204908,0.5592155482469393
Manchester City,Fulham,0.6928632726343535,0.15326323782703216,0.15387348953861427
West Ham,Ipswich,0.5720854134519561,0.2011696204033486,0.22674496614469533
Everton,Newcastle United,0.3192236880961182,0.21748893123847474,0.4632873806654071
Aston Villa,Manchester United,0.3870432212337729,0.2166876844858012,0.39626909428042606
Chelsea,Nottingham Forest,0.5354546864465242,0.1965238508488259,0.2680214627046499
Brighton,Tottenham Hotspur,0.2947089535058626,0.19696027961038623,0.5083307668837512
Tottenham Hotspur,West Ham,0.6131297261158581,0.17790355572935887,0.20896671815478293
Fulham,Aston Villa,0.3894595292933039,0.21423018173618874,0.3963102889705074
Manchester United,Brentford,0.4359823536773193,0.21671433311354876,0.3473033132091318
Newcastle United,Brighton,0.5300595053727067,0.19669996838460801,0.2732405262426852
Southampton,Leicester,0.36291908587808025,0.2248581109847705,0.4122228031371493
Ipswich,Everton,0.25522215826688743,0.22209198454349843,0.5226858571896141
Bournemouth,Arsenal,0.24623137977248602,0.18924443843330133,0.5645241817942125
Wolverhampton Wanderers,Manchester City,0.17770617817438603,0.1673474372482346,0.6549463845773793
Liverpool,Chelsea,0.5739898747234041,0.17971020165667928,0.24629992361991662
Nottingham Forest,Crystal Palace,0.4238212427480652,0.21765790649008826,0.3585208507618464
Leicester,Nottingham Forest,0.24094829207284968,0.1947674238231557,0.5642842841039947
Aston Villa,Bournemouth,0.4132032577347046,0.20807382388118412,0.37872291838411143
Brentford,Ipswich,0.6667134234932719,0.17222701506064295,0.16105956144608513
Brighton,Wolverhampton Wanderers,0.44857731664371414,0.22283451714678107,0.3285881662095047
Manchester City,Southampton,0.8524595642160753,0.08957952919563231,0.05796090658829244
Everton,Fulham,0.4109757738907464,0.23292882088525207,0.3560954052240016
Chelsea,Newcastle United,0.485476836020378,0.19844266343356004,0.31608050054606196
Crystal Palace,Tottenham Hotspur,0.3386498055279881,0.20744882961385328,0.45390136485815846
West Ham,Manchester United,0.3180392395331655,0.2162113744064069,0.4657493860604277
Arsenal,Liverpool,0.3712637359022016,0.19716590245693713,0.43157036164086116
Newcastle United,Arsenal,0.29597883500936534,0.19560240926040162,0.5084187557302331
Bournemouth,Manchester City,0.2250970600562604,0.1730568439081992,0.6018460960355404
Ipswich,Leicester,0.37261488673130955,0.22417163402203502,0.4032134792466554
Liverpool,Brighton,0.7257431424784957,0.14081717783667566,0.13343967968482853
Nottingham Forest,West Ham,0.5179687913295687,0.20385411045197294,0.27817709821845815
Southampton,Everton,0.2479027397472058,0.2212587862941168,0.5308384739586772
Wolverhampton Wanderers,Crystal Palace,0.3466969167192689,0.228808115312305,0.4244949679684262
Tottenham Hotspur,Aston Villa,0.538694554283206,0.1903117153733235,0.2709937303434705
Manchester United,Chelsea,0.33685134445093473,0.21281068695292168,0.45033796859614367
Fulham,Brentford,0.3689606193381362,0.2148089313848604,0.41623044927700337
Brentford,Bournemouth,0.43432543643572796,0.20843744575123835,0.3572371178130337
Crystal Palace,Fulham,0.4680221785227189,0.21909780130791628,0.31288002016936484
West Ham,Everton,0.38276640324353217,0.23579599148218347,0.38143760527428433
Wolverhampton Wanderers,Southampton,0.5883223565418256,0.20175777794054717,0.20991986551762715
Brighton,Manchester City,0.1970070646236495,0.17089982743356696,0.6320931079427835
Liverpool,Aston Villa,0.7027508320606158,0.14665887417746462,0.15059029376191946
Manchester United,Leicester,0.6309254903925992,0.18517509661138432,0.18389941299601653
Nottingham Forest,Newcastle United,0.37420701819219326,0.20070557064847136,0.4250874111593353
Tottenham Hotspur,Ipswich,0.7583335050696017,0.1317581138777012,0.10990838105269705
Chelsea,Arsenal,0.3483404641811555,0.20937696155219596,0.44228257426664846
Leicester,Chelsea,0.16619639206250894,0.1682752277546675,0.6655283801828235
Arsenal,Nottingham Forest,0.6134959544012096,0.18065815732678822,0.20584588827200204
Aston Villa,Crystal Palace,0.40448059307878953,0.22118654478090524,0.37433286214030526
Bournemouth,Brighton,0.4661892267989211,0.20872964693615617,0.3250811262649228
Everton,Brentford,0.36198019382689084,0.23194398878421457,0.40607581738889464
Fulham,Wolverhampton Wanderers,0.44591767636746954,0.22103310415882332,0.3330492194737072
Manchester City,Tottenham Hotspur,0.5640751167105718,0.17733841456584332,0.25858646872358493
Southampton,Liverpool,0.0634684217344217,0.08929185130769307,0.8472397269578852
Ipswich,Manchester United,0.19596668697768854,0.18737051574573477,0.6166627972765767
Newcastle United,West Ham,0.5762929007852057,0.18816746769179396,0.23553963152300042
Brighton,Southampton,0.6238609102690926,0.1881617377641429,0.18797735196676452
Brentford,Leicester,0.6208940695626769,0.1857672949394021,0.19333863549792102
Crystal Palace,Newcastle United,0.37041743855186493,0.2118204828360483,0.41776207861208664
Nottingham Forest,Ipswich,0.6704774140979288,0.16833306038464083,0.1611895255174303
Wolverhampton Wanderers,Bournemouth,0.3517593169492537,0.2151613730526689,0.43307930999807737
West Ham,Arsenal,0.18572840163204787,0.1767979950419289,0.6374736033260232
Chelsea,Aston Villa,0.5523389206338603,0.1958961429129101,0.25176493645322967
Manchester United,Everton,0.48289061908377534,0.22916972247741974,0.28793965843880487
Tottenham Hotspur,Fulham,0.5732138695275495,0.1853238341871123,0.24146229628533813
Liverpool,Manchester City,0.47332727663609664,0.18564095739104128,0.34103176597286206
Ipswich,Crystal Palace,0.21171528786822216,0.1979738455309356,0.5903108666008424
Leicester,West Ham,0.3211031268778153,0.21795575235354422,0.46094112076864063
Everton,Wolverhampton Wanderers,0.4324671790800405,0.23920351804591183,0.32832930287404766
Manchester City,Nottingham Forest,0.6465586874364971,0.16429311135536892,0.18914820120813391
Newcastle United,Liverpool,0.2405871018773574,0.1699760537012213,0.5894368444214212
Southampton,Chelsea,0.13200967710677294,0.15101498814775616,0.7169753347454708
Arsenal,Manchester United,0.5881971057942119,0.19240904226570915,0.21939385194007888
Aston Villa,Brentford,0.40220812456752636,0.2135915477303754,0.38420032770209817
<<<<<<< HEAD
Fulham,Brighton,0.417611592063761,0.21774478001025854,0.36464362792598054
Bournemouth,Spurs,0.3332013879883002,0.1943014004688344,0.47249721154286545
=======
Fulham,Brighton,0.417611592063761,0.21774478001025857,0.36464362792598054
Bournemouth,Tottenham Hotspur,0.3332013879883002,0.1943014004688344,0.47249721154286545
>>>>>>> ae749f38 (Force update of all visual and data table assets)
Aston Villa,Southampton,0.6570817695968844,0.17528413624003822,0.16763409416307756
Brentford,Newcastle United,0.37595506112459237,0.204632256798641,0.4194126820767666
Crystal Palace,Manchester City,0.23544941374776632,0.18820860132566875,0.5763419849265649
Manchester United,Nottingham Forest,0.440004320875411,0.21252730458072522,0.34746837454386376
Fulham,Arsenal,0.21338774907965824,0.1852688661592748,0.6013433847610669
Ipswich,Bournemouth,0.20822739966108111,0.18354785574095497,0.6082247445979638
Leicester,Brighton,0.28297134996694245,0.21169936708575024,0.5053292829473072
Tottenham Hotspur,Chelsea,0.4052030710498432,0.20082825515826555,0.3939686737918911
West Ham,Wolverhampton Wanderers,0.40617624909788674,0.22529006354420875,0.3685336873579044
Everton,Liverpool,0.17248620823381844,0.1698782043968763,0.6576355873693052
Arsenal,Everton,0.6413253539590107,0.18801412204108264,0.17066052399990655
Liverpool,Fulham,0.7322966018360781,0.13744217664052366,0.13026122152339809
Newcastle United,Leicester,0.6812765547326884,0.16070287359381483,0.15802057167349687
Wolverhampton Wanderers,Ipswich,0.5796107714606253,0.2031471085037191,0.21724212003565568
Nottingham Forest,Aston Villa,0.44398705315790554,0.2082470311739877,0.3477659156681068
Brighton,Crystal Palace,0.37541206744060995,0.22499974431827025,0.3995881882411199
Manchester City,Manchester United,0.6202877300469434,0.17614670314398562,0.20356556680907104
Chelsea,Brentford,0.52966158126583,0.20093753044397397,0.26940088829019615
Southampton,Tottenham Hotspur,0.1371279510488669,0.14596764259732575,0.7169044063538076
Bournemouth,West Ham,0.5117761418281165,0.20350846517689053,0.2847153929949931
Aston Villa,Manchester City,0.21793335884357207,0.17477751109531806,0.60728913006111
Brentford,Nottingham Forest,0.4264125015846698,0.21017357033945003,0.36341392807588
Ipswich,Newcastle United,0.16500046929793777,0.1615491726348155,0.6734503580672464
West Ham,Brighton,0.37802719291293335,0.22020302788207222,0.40176977920499446
Crystal Palace,Arsenal,0.25518477341982226,0.20470682002556567,0.5401084065546121
Everton,Chelsea,0.2748068341306331,0.21835961826074893,0.5068335476086179
Fulham,Southampton,0.6227603306312475,0.18698758852181,0.19025208084694245
Leicester,Wolverhampton Wanderers,0.31013307412079444,0.2214511680534585,0.46841575782574707
Manchester United,Bournemouth,0.4479730918026012,0.2106178884402344,0.3414090197571643
Tottenham Hotspur,Liverpool,0.2703745448194299,0.17492530367417508,0.5547001515063952
Manchester City,Everton,0.6742689546153182,0.16947576204030068,0.1562552833443812
Bournemouth,Crystal Palace,0.41734041168374747,0.21642557690461414,0.3662340114116385
Chelsea,Fulham,0.5849909438553003,0.19038055042353255,0.22462850572116724
Newcastle United,Aston Villa,0.5012226711510497,0.19764211529834597,0.3011352135506044
Nottingham Forest,Tottenham Hotspur,0.3405231738333076,0.19638079691679278,0.4630960292498995
Southampton,West Ham,0.2707986211571151,0.21126570199521266,0.5179356768476723
Wolverhampton Wanderers,Manchester United,0.32985519012084,0.22246003661426444,0.44768477326489553
Liverpool,Leicester,0.8450448513021727,0.0915348726457768,0.06342027605205075
Brighton,Brentford,0.3723714477708752,0.21699116994644077,0.41063738228268387
Arsenal,Ipswich,0.8170617324252909,0.11031166716492607,0.07262660040978303
Leicester,Manchester City,0.10498488585135883,0.12433426770297229,0.7706808464456689
Crystal Palace,Southampton,0.6597834897581736,0.18033992708690663,0.1598765831549199
Everton,Nottingham Forest,0.364557956128029,0.22757804390564884,0.4078639999663222
Fulham,Bournemouth,0.3787930989562956,0.20962415137120588,0.4115827496724984
Tottenham Hotspur,Wolverhampton Wanderers,0.5944081493829094,0.18581772091346194,0.21977412970362878
West Ham,Liverpool,0.14023139196840906,0.14185473303162657,0.7179138749999644
Aston Villa,Brighton,0.45189964880114014,0.2141083105161119,0.333992040682748
Ipswich,Chelsea,0.13707972018954542,0.1532323807653843,0.7096878990450703
Manchester United,Newcastle United,0.39029629127536186,0.20801920456538783,0.4016845041592503
Brentford,Arsenal,0.2562011478614395,0.19721948428081965,0.546579367857741
Tottenham Hotspur,Newcastle United,0.4675130005102183,0.19159896796193163,0.3408880315278501
Aston Villa,Leicester,0.6018607227537258,0.19005600368983575,0.20808327355643852
Bournemouth,Everton,0.4662744676487599,0.2225125075082027,0.3112130248430374
<<<<<<< HEAD
Crystal Palace,Chelsea,0.31954501074541475,0.21553027724131177,0.4649247120132735
Man City,West Ham,0.7275296406362763,0.14246847272100155,0.1300018866427222
=======
Crystal Palace,Chelsea,0.3195450107454148,0.21553027724131177,0.4649247120132735
Manchester City,West Ham,0.7275296406362763,0.14246847272100155,0.1300018866427222
>>>>>>> ae749f38 (Force update of all visual and data table assets)
Southampton,Brentford,0.19774513993676712,0.18596167569730623,0.6162931843659265
Brighton,Arsenal,0.21731368205219423,0.1885723713695669,0.5941139465782389
Fulham,Ipswich,0.6140302294234292,0.18869523615961017,0.19727453441696055
Liverpool,Manchester United,0.6614381467069352,0.162013163362085,0.1765486899309798
Wolverhampton Wanderers,Nottingham Forest,0.3450466811232141,0.21618414504199324,0.4387691738347927
Brentford,Manchester City,0.23568406774974668,0.18113880641529762,0.5831771258349557
West Ham,Fulham,0.38209478032977146,0.2182248583761675,0.39968036129406104
Chelsea,Bournemouth,0.5442938600246143,0.19377048579136588,0.2619356541840197
Nottingham Forest,Liverpool,0.20072398326896185,0.1627866117385266,0.6364894049925116
Everton,Aston Villa,0.3809275109686646,0.23127840658397703,0.38779408244735836
Leicester,Crystal Palace,0.24755222192190804,0.20868216844914003,0.5437656096289518
Newcastle United,Wolverhampton Wanderers,0.5580975084403218,0.19557090535571142,0.24633158620396692
Arsenal,Tottenham Hotspur,0.533326591997319,0.19111225861438247,0.27556114938829834
Ipswich,Brighton,0.24350049717882938,0.203097905212851,0.5534015976083194
Manchester United,Southampton,0.6836093168840487,0.16910638914647994,0.14728429396947115
Newcastle United,Bournemouth,0.4915537431766909,0.1950055840488385,0.3134406727744707
Brentford,Liverpool,0.20488436620060038,0.16771989750893063,0.6273957362904692
Leicester,Fulham,0.2857541122739489,0.2101091478466373,0.5041367398794139
West Ham,Crystal Palace,0.33533311812415556,0.22286689631491313,0.44179998556093136
Arsenal,Aston Villa,0.6287277356480312,0.17869767851298066,0.19257458583898815
<<<<<<< HEAD
Everton,Spurs,0.2901739089763874,0.2106946075030756,0.4991314835205368
Man Utd,Brighton,0.48490470037246935,0.21483743582203296,0.3002578638054977
Nottingham Forest,Southampton,0.6787723699189905,0.1662117234764214,0.15501590660458833
Ipswich,Man City,0.08306029510592396,0.10821073974474336,0.8087289651493327
Chelsea,Wolves,0.6042380344339245,0.19088389550415905,0.20487807006191644
Bournemouth,Nottingham Forest,0.4187845042594385,0.2051663002529799,0.37604919548758164
Brighton,Everton,0.4227415412307601,0.23458193217127582,0.3426765265979641
Liverpool,Ipswich,0.8753067567163766,0.07656696575367225,0.04812627752995131
Southampton,Newcastle,0.16733218932203675,0.1652907053224582,0.6673771053555051
Wolves,Arsenal,0.19742949234108104,0.1859976736469226,0.6165728340119964
Man City,Chelsea,0.5316434769618474,0.19040379108185576,0.27795273195629683
=======
Everton,Tottenham Hotspur,0.2901739089763874,0.2106946075030756,0.4991314835205368
Manchester United,Brighton,0.48490470037246935,0.21483743582203296,0.3002578638054977
Nottingham Forest,Southampton,0.6787723699189903,0.16621172347642138,0.1550159066045883
Ipswich,Manchester City,0.08306029510592396,0.10821073974474336,0.8087289651493327
Chelsea,Wolverhampton Wanderers,0.6042380344339245,0.19088389550415905,0.20487807006191644
Bournemouth,Nottingham Forest,0.4187845042594385,0.2051663002529799,0.37604919548758164
Brighton,Everton,0.4227415412307602,0.23458193217127582,0.3426765265979641
Liverpool,Ipswich,0.8753067567163765,0.07656696575367225,0.04812627752995131
Southampton,Newcastle United,0.15894898037868782,0.15946807929329174,0.6815829403280202
Wolverhampton Wanderers,Arsenal,0.19742949234108104,0.1859976736469226,0.6165728340119964
Manchester City,Chelsea,0.5316434769618474,0.19040379108185576,0.27795273195629683
>>>>>>> ae749f38 (Force update of all visual and data table assets)
Crystal Palace,Brentford,0.41526579766090127,0.22207496068519333,0.3626592416539054
Tottenham Hotspur,Leicester,0.7156211676624956,0.14763376853897495,0.13674506379852944
Aston Villa,West Ham,0.4964770986167443,0.20962305672421516,0.29389984465904073
Fulham,Manchester United,0.35476102640462565,0.21729214560257412,0.4279468279928002
Nottingham Forest,Brighton,0.4726624441125929,0.20946964881972502,0.31786790706768214
Bournemouth,Liverpool,0.1941816353416125,0.15920655608390344,0.646611808574484
Everton,Leicester,0.5445241546621177,0.2192133382982256,0.23626250703965687
Ipswich,Southampton,0.4281283907432176,0.22530557377198376,0.3465660354847987
Newcastle United,Fulham,0.5358705760919369,0.19407699920961655,0.2700524246984467
Wolverhampton Wanderers,Aston Villa,0.36225660539374954,0.22039135183864197,0.4173520427676084
Brentford,Tottenham Hotspur,0.34288670270876176,0.20044093995826973,0.45667235733296857
Manchester United,Crystal Palace,0.4369053783026761,0.22423433660599978,0.3388602850913241
Arsenal,Manchester City,0.4075612517969236,0.2017257544608006,0.39071299374227575
Chelsea,West Ham,0.6226799314883052,0.18250025727636673,0.194819811235328
Brighton,Chelsea,0.2783223159180505,0.20377691788595856,0.517900766195991
Leicester,Arsenal,0.12261234783794932,0.14456441100176678,0.7328232411602839
Aston Villa,Ipswich,0.6486470876727453,0.17725876907785118,0.17409414324940364
Fulham,Nottingham Forest,0.37154280256709266,0.21082461680090364,0.4176325806320036
Manchester City,Newcastle United,0.5987524684533369,0.1720966971724849,0.2291508343741782
Southampton,Bournemouth,0.20119890148342023,0.18191101936390489,0.6168900791526749
West Ham,Brentford,0.3310305766189412,0.21440125676910166,0.4545681666119572
<<<<<<< HEAD
Crystal Palace,Everton,0.4619303358654634,0.23645783695000763,0.30161182718452906
Liverpool,Wolves,0.7466907773484726,0.13544270504269687,0.1178665176088305
Spurs,Man Utd,0.49709705638367635,0.1998767817646545,0.3030261618516692
Leicester,Brentford,0.2424867038260481,0.19934797952848754,0.5581653166454644
Everton,Man Utd,0.34876910961625673,0.23474940209604475,0.4164814882876985
=======
Crystal Palace,Everton,0.4619303358654634,0.23645783695000758,0.30161182718452906
Liverpool,Wolverhampton Wanderers,0.7466907773484726,0.13544270504269687,0.1178665176088305
Tottenham Hotspur,Manchester United,0.49709705638367635,0.1998767817646545,0.3030261618516692
Leicester,Brentford,0.2409937624194168,0.1989014205178319,0.5601048170627514
Everton,Manchester United,0.34876910961625673,0.23474940209604475,0.4164814882876985
>>>>>>> ae749f38 (Force update of all visual and data table assets)
Arsenal,West Ham,0.6938094486233011,0.16082876064988377,0.14536179072681504
Bournemouth,Wolverhampton Wanderers,0.49489709057200454,0.2099498901825989,0.29515301924539633
Fulham,Crystal Palace,0.3722135573309095,0.22277229142135774,0.4050141512477327
Ipswich,Tottenham Hotspur,0.1426034360870648,0.14821678723658332,0.7091797766763518
Southampton,Brighton,0.23594953888246673,0.20195558186291665,0.5620948792546165
Aston Villa,Chelsea,0.30371818059094424,0.2044038507149395,0.4918779686941163
Newcastle United,Nottingham Forest,0.48283474234303597,0.19718057325596852,0.3199846844009955
Manchester City,Liverpool,0.3928613672982053,0.1879777461880475,0.41916088651374694
Brighton,Bournemouth,0.38228523501563005,0.21169792772483587,0.4060168372595342
Wolverhampton Wanderers,Fulham,0.3934793152512632,0.22304985485904757,0.3834708298896892
Crystal Palace,Aston Villa,0.4360430717611425,0.21998673983690017,0.3439701884019573
Chelsea,Southampton,0.7674969487838827,0.13300261245213216,0.09950043876398496
Brentford,Everton,0.4714491503834725,0.2274765091442693,0.30107434047225823
Nottingham Forest,Arsenal,0.2528103284814048,0.1923620177825778,0.5548276537360172
Tottenham Hotspur,Manchester City,0.3063514214363476,0.18483191309857464,0.5088166654650779
Manchester United,Ipswich,0.675705545644647,0.1712387258013685,0.15305572855398428
Liverpool,Newcastle United,0.6421220673478241,0.1590966584761937,0.19878127417598235
West Ham,Leicester,0.5242881318020042,0.21034212555997808,0.2653697426380177
Nottingham Forest,Manchester City,0.23185562852506172,0.1763498836714663,0.591794487803472
Brighton,Fulham,0.42521122459650473,0.21746223731178171,0.35732653809171344
Crystal Palace,Ipswich,0.6517821266930672,0.18231521931348188,0.1659026539934509
Liverpool,Southampton,0.8799496760791997,0.0743744790913302,0.04567584482946996
Brentford,Aston Villa,0.4442700749099085,0.21207999450406498,0.3436499305860266
Wolverhampton Wanderers,Everton,0.3929108397893907,0.24091461643702483,0.3661745437735843
Chelsea,Leicester,0.720027488011718,0.1514411046859749,0.1285314073023072
Tottenham Hotspur,Bournemouth,0.5296209649880272,0.18819354852347003,0.28218548648850267
Manchester United,Arsenal,0.26947161803738207,0.20350665395932838,0.5270217280032895
West Ham,Newcastle United,0.28519046240198737,0.19774346714402322,0.5170660704539894
Aston Villa,Liverpool,0.18805493873089488,0.1605772315247692,0.651367829744336
Everton,West Ham,0.4469908621711654,0.23310871232546532,0.3199004255033694
Ipswich,Nottingham Forest,0.20380561211983078,0.18334306501421052,0.6128513228659588
Manchester City,Brighton,0.686303438474293,0.15658248830845278,0.15711407321725432
Southampton,Wolverhampton Wanderers,0.2617166366802783,0.21410278670442962,0.524180576615292
Bournemouth,Brentford,0.4152643702902692,0.2091006462930878,0.3756349834166429
Arsenal,Chelsea,0.5028018300265192,0.2039859698108931,0.29321220016258764
Fulham,Tottenham Hotspur,0.29063671518463485,0.19433132268440623,0.5150319621309589
Leicester,Manchester United,0.23106202771056172,0.19918535635760506,0.5697526159318334
Newcastle United,Crystal Palace,0.47828102440585296,0.20799914365959643,0.31371983193455055
Arsenal,Fulham,0.6592102784498372,0.17091438254012636,0.1698753390100364
Wolverhampton Wanderers,West Ham,0.4310917686472909,0.22431483182271778,0.3445933995299913
Nottingham Forest,Manchester United,0.4062459480854992,0.21374257971887659,0.3800114721956241
Bournemouth,Ipswich,0.6657656319147522,0.16890804857799568,0.16532631950725213
Brighton,Aston Villa,0.3927692206599582,0.21627399652304527,0.3909567828169965
Manchester City,Leicester,0.8135984531826937,0.107684659355681,0.07871688746162517
Newcastle United,Brentford,0.47807043302763197,0.20121219645598284,0.32071737051638516
Southampton,Crystal Palace,0.20501156806874996,0.19649745031363106,0.598490981617619
Liverpool,Everton,0.7123841900036886,0.1534593323744298,0.13415647762188165
Chelsea,Tottenham Hotspur,0.45098740745837707,0.19934064866742152,0.3496719438742015
Everton,Arsenal,0.21788764598696891,0.2035722997655822,0.5785400542474493
Crystal Palace,Brighton,0.46300504912887397,0.22158833384789592,0.31540661702323014
Ipswich,Wolverhampton Wanderers,0.26962758847207274,0.21485116172303398,0.5155212498048932
West Ham,Bournemouth,0.3394747217100106,0.20954414121516393,0.4509811370748255
Aston Villa,Nottingham Forest,0.4054869594108642,0.2095893678176627,0.3849236727714731
Brentford,Chelsea,0.3230836586130567,0.20814004021005303,0.4687763011768902
Fulham,Liverpool,0.16497129630590887,0.15233488722579036,0.6826938164683006
Tottenham Hotspur,Southampton,0.7655620670353865,0.1292803970337123,0.10515753593090119
Manchester United,Manchester City,0.24943336094850574,0.18778286970759708,0.5627837693438971
Leicester,Newcastle United,0.1988523887685052,0.17533197808467177,0.6258156331468232
Manchester City,Crystal Palace,0.634363900272738,0.17543995297830894,0.190196146748953
Brighton,Leicester,0.5682248811007826,0.2012635730853114,0.23051154581390593
Nottingham Forest,Everton,0.47218449277084557,0.2233110217892951,0.3045044854398593
Southampton,Aston Villa,0.21200962377159405,0.19021756087116745,0.5977728153572383
Arsenal,Brentford,0.6064669118562159,0.18545157329690787,0.20808151484687615
Chelsea,Ipswich,0.7606920890855761,0.13544553706563445,0.1038623738487895
Liverpool,West Ham,0.7650961958284808,0.12610836027195413,0.10879544389956494
Wolverhampton Wanderers,Tottenham Hotspur,0.2683749828417606,0.19659428934361864,0.5350307278146208
Newcastle United,Manchester United,0.46078181176572064,0.20559503034840104,0.33362315788587843
Bournemouth,Fulham,0.47135981468873195,0.20640072193851422,0.32223946337275383
Brentford,Brighton,0.4723141572241503,0.21331269420652865,0.314373148569321
Crystal Palace,Bournemouth,0.4265174475629571,0.2160877291297407,0.35739482330730205
Everton,Manchester City,0.19892142047893616,0.18510352962005702,0.6159750499010068
West Ham,Southampton,0.5810790501569719,0.19984882011321725,0.21907212972981083
Aston Villa,Newcastle United,0.3549618537585048,0.20247183380289277,0.44256631243860245
Fulham,Chelsea,0.27442854653916116,0.20094317070745807,0.5246282827533807
Ipswich,Arsenal,0.09916461319855333,0.12844600962463784,0.7723893771768088
Manchester United,Wolverhampton Wanderers,0.5118539185297514,0.2154459626111962,0.27270011885905254
Leicester,Liverpool,0.0856127898893727,0.10729227261089591,0.8070949374997314
Tottenham Hotspur,Nottingham Forest,0.5205771551778071,0.1906998073986562,0.2887230374235367
Manchester City,Aston Villa,0.661997118684815,0.16178610226937293,0.17621677904581212
Arsenal,Crystal Palace,0.6020168505055861,0.19236825536225133,0.20561489413216263
Chelsea,Everton,0.5716452132911581,0.20692509361307873,0.22142969309576305
Brighton,West Ham,0.46402526897657526,0.21696423625016026,0.31901049477326454
Newcastle United,Ipswich,0.7259325172428422,0.1454552935493085,0.1286121892078493
Southampton,Fulham,0.23805706882626637,0.20048950003377314,0.5614534311399605
Wolverhampton Wanderers,Leicester,0.5329243011800322,0.21286118546566618,0.2542145133543017
Bournemouth,Manchester United,0.39954207923576457,0.212341315857987,0.38811660490624833
Liverpool,Tottenham Hotspur,0.6080672327808998,0.16567426459892576,0.2262585026201744
Nottingham Forest,Brentford,0.4220467605679264,0.21032717905722326,0.3676260603748504
<<<<<<< HEAD
Man City,Wolves,0.7087410044683868,0.1517250324963731,0.13953396303524007
Aston Villa,Fulham,0.4568763904548877,0.21179875997376174,0.3313248495713507
=======
Manchester City,Wolverhampton Wanderers,0.7087410044683868,0.1517250324963731,0.13953396303524007
Aston Villa,Fulham,0.4568763904548877,0.2117987599737617,0.33132484957135067
>>>>>>> ae749f38 (Force update of all visual and data table assets)
Everton,Ipswich,0.5890435527681763,0.20872052702581706,0.20223592020600667
Leicester,Southampton,0.475977492498439,0.22045695932635082,0.30356554817521014
West Ham,Tottenham Hotspur,0.25541104045655555,0.18918463301798716,0.5554043265254572
Arsenal,Bournemouth,0.6225224254255399,0.1772520142883062,0.2002255602861538
Brentford,Manchester United,0.407110606631993,0.2177856348095865,0.37510375855842054
Brighton,Newcastle United,0.326041695934914,0.20355904133120645,0.4703992627338797
Chelsea,Liverpool,0.29429597132165075,0.18815376628538963,0.5175502623929595
Crystal Palace,Nottingham Forest,0.41888923333496875,0.2178414614032959,0.3632693052617354
Newcastle United,Chelsea,0.370510591452224,0.20222122007488175,0.4272681884728942
Fulham,Everton,0.42012951174903723,0.23255114059877033,0.34731934765219247
Ipswich,Brentford,0.20451203559775014,0.18758897436000269,0.6078989900422471
Manchester United,West Ham,0.5287608408659077,0.20840213199650887,0.2628370271375832
Southampton,Manchester City,0.07949951191955534,0.10586340938223238,0.8146370786982122
Tottenham Hotspur,Crystal Palace,0.5142034940770736,0.2013947615359768,0.2844017443869495
Wolverhampton Wanderers,Brighton,0.38931160220590155,0.22514642594835088,0.3855419718457476
Bournemouth,Aston Villa,0.4372326428581817,0.20724483681924452,0.35552252032257375
Nottingham Forest,Leicester,0.6239531042183939,0.181936553362177,0.19411034241942907
Liverpool,Arsenal,0.48851668476082655,0.19346992220587375,0.3180133930332996
Arsenal,Newcastle United,0.5667994636400189,0.18691304833701688,0.24628748802296432
Aston Villa,Tottenham Hotspur,0.32220996902680965,0.1972439723275788,0.4805460586456116
Brentford,Fulham,0.4774926729014959,0.21087678288288006,0.31163054421562403
Brighton,Liverpool,0.16900588245621875,0.15579824829550196,0.6751958692482792
Chelsea,Manchester United,0.5119995915219802,0.2065193716042402,0.2814810368737796
Crystal Palace,Wolverhampton Wanderers,0.48963358097192683,0.22308307208256786,0.2872833469455054
Everton,Southampton,0.5972269300860527,0.2072557348809718,0.1955173350329756
Leicester,Ipswich,0.46652661304603654,0.22053481128819516,0.3129385756657682
Manchester City,Bournemouth,0.6558462062071075,0.1607812618715485,0.18337253192134406
West Ham,Nottingham Forest,0.33281748062821964,0.21039537816308315,0.4567871412086973
Bournemouth,Leicester,0.6187172588452865,0.18230185973337706,0.19898088142133621
Fulham,Manchester City,0.1929175228989206,0.16756454247222088,0.6395179346288583
Ipswich,West Ham,0.27904763085710227,0.21193754731441938,0.5090148218284782
Liverpool,Crystal Palace,0.6746577516289373,0.1607386290450859,0.16460361932597684
<<<<<<< HEAD
Man Utd,Aston Villa,0.4574664722842932,0.2141014829666347,0.3284320447490719
Newcastle,Everton,0.5140436513416742,0.21370699621993516,0.27224935243839077
=======
Manchester United,Aston Villa,0.4574664722842932,0.2141014829666347,0.3284320447490719
Newcastle United,Everton,0.5265752721063259,0.20973886126094385,0.26368586663273025
>>>>>>> ae749f38 (Force update of all visual and data table assets)
Nottingham Forest,Chelsea,0.32062465022260245,0.20377595660796277,0.4755993931694348
Southampton,Arsenal,0.0952643517678326,0.1261179507199176,0.7786176975122497
Tottenham Hotspur,Brighton,0.5671013338773356,0.18811649384552542,0.24478217227713905
Wolverhampton Wanderers,Brentford,0.3429734207513789,0.22029946780097764,0.4367271114476435
