home_team,away_team,home_win_prob,draw_prob,away_win_prob
Manchester United,Fulham,0.3432789158202537,0.2391420121385874,0.41757907204115896
Ipswich,Liverpool,0.029270488321069096,0.04931900077608266,0.9214105109028483
Arsenal,Wolverhampton Wanderers,0.46295402887050185,0.20757861773509406,0.3294673533944041
Everton,Brighton,0.38865972729468773,0.24534969124233288,0.36599058146297936
Newcastle United,Southampton,0.8575234793039714,0.09198427297378944,0.05049224772223885
Nottingham Forest,Bournemouth,0.4879196626008696,0.20219041909521582,0.30988991830391455
West Ham,Aston Villa,0.29062450892246044,0.22794720881659425,0.48142828226094503
Brentford,Crystal Palace,0.6079471024350374,0.19575850430319494,0.19629439326176762
Chelsea,Manchester City,0.2267195246064819,0.19667707742892582,0.5766033979645921
Leicester,Tottenham Hotspur,0.14106582383455082,0.1566545632539255,0.7022796129115235
Brighton,Manchester United,0.44810437366997025,0.2350912402776635,0.31680438605236627
Crystal Palace,West Ham,0.39922859937129085,0.2556401464755476,0.34513125415316154
Fulham,Leicester,0.6560837433502328,0.1855668328488109,0.1583494238009563
Manchester City,Ipswich,0.8879714850967082,0.0703914621518483,0.041637052751443526
Southampton,Nottingham Forest,0.09668608639454289,0.13942076941838552,0.7638931441870715
Tottenham Hotspur,Everton,0.5311227958831356,0.2130209905161191,0.2558562136007454
Aston Villa,Arsenal,0.25051764819971434,0.21300363547369264,0.5364787163265932
Bournemouth,Newcastle United,0.2928907720965768,0.19291416885149446,0.5141950590519286
Wolverhampton Wanderers,Chelsea,0.5306561823918285,0.19940357884461649,0.2699402387635551
Liverpool,Brentford,0.7456812754064414,0.12761704388527825,0.12670168070828064
Arsenal,Brighton,0.6398248146332989,0.18419827656906407,0.17597690879763703
Brentford,Southampton,0.806888594853728,0.12054768355415477,0.07256372159211738
Everton,Bournemouth,0.3472147074433107,0.24478038419166895,0.40800490836502046
Ipswich,Fulham,0.2129101297989155,0.18225101691837808,0.6048388532827065
Leicester,Aston Villa,0.18503410461868275,0.19983766231693417,0.6151282330643831
Nottingham Forest,Wolverhampton Wanderers,0.34180219326976474,0.19121581706229163,0.4669819896679436
West Ham,Manchester City,0.11205010516592723,0.14262208001574878,0.745327814818324
Chelsea,Crystal Palace,0.5619421951379461,0.2264466031134172,0.2116112017486368
Newcastle United,Tottenham Hotspur,0.5235485011658151,0.17978988013591837,0.2966616186982665
Manchester United,Liverpool,0.08678206780611282,0.1191027098639004,0.7941152223299868
Southampton,Manchester United,0.18683948464928773,0.23083505770911597,0.5823254576415963
Brighton,Ipswich,0.634382395605107,0.17575244546765337,0.1898651589272395
Crystal Palace,Leicester,0.5240645069781533,0.24247262032649017,0.2334628726953564
Fulham,West Ham,0.5235154433500752,0.21804948994885376,0.2584350667010711
Liverpool,Nottingham Forest,0.7511166596617586,0.12557824269205992,0.12330509764618149
Manchester City,Brentford,0.6362551770449317,0.1687036771303326,0.19504114582473553
Aston Villa,Everton,0.4598604997280992,0.24600094224027047,0.29413855803163036
Bournemouth,Chelsea,0.36881394145348445,0.22761223469221611,0.4035738238542995
Tottenham Hotspur,Arsenal,0.2932064683046152,0.19992947348577342,0.5068640582096113
Wolverhampton Wanderers,Newcastle United,0.45596835815745296,0.18623590212513885,0.3577957397174083
West Ham,Chelsea,0.251552460489544,0.22707713452407402,0.521370404986382
Aston Villa,Wolverhampton Wanderers,0.27889121535669914,0.19577068923124133,0.5253380954120594
Fulham,Newcastle United,0.27317995059862843,0.18968714272273854,0.537132906678633
Leicester,Everton,0.23452136522916223,0.24666912890544146,0.5188095058653963
Liverpool,Bournemouth,0.7903272391889511,0.11421913915526319,0.09545362165578586
Southampton,Ipswich,0.29368133221090864,0.23056086472892914,0.4757578030601623
Tottenham Hotspur,Brentford,0.41324935953636377,0.19307430413904506,0.39367633632459115
Crystal Palace,Manchester United,0.357820397131726,0.26481461149207913,0.37736499137619495
Brighton,Nottingham Forest,0.31406397855290263,0.20200166632692257,0.48393435512017474
Manchester City,Arsenal,0.4968385004050889,0.21045624736652813,0.2927052522283826
Newcastle United,Manchester City,0.2929611510193472,0.18600833952893678,0.521030509451716
Arsenal,Leicester,0.8033075051852782,0.12626594007563444,0.07042655473908742
Brentford,West Ham,0.6210503151840517,0.18666548815333672,0.19228419666261165
Chelsea,Brighton,0.5058950180244648,0.21856872920682957,0.2755362527687056
Everton,Crystal Palace,0.4469263374508084,0.26638324500053395,0.28669041754865776
Nottingham Forest,Fulham,0.5119827472524103,0.19974743082893714,0.28826982191865247
Wolverhampton Wanderers,Liverpool,0.22575581177446724,0.1599264897683434,0.6143176984571894
Ipswich,Aston Villa,0.19943938051400914,0.18070241172871418,0.6198582077572767
Manchester United,Tottenham Hotspur,0.2796042699340582,0.21091760203513568,0.509478128030806
Bournemouth,Southampton,0.7428451951536763,0.15551822286899142,0.10163658197733216
Crystal Palace,Liverpool,0.0706301513389619,0.10511611649725708,0.8242537321637811
Arsenal,Southampton,0.8495034285798609,0.10355581001772109,0.04694076140241783
Brentford,Wolverhampton Wanderers,0.3483641703482845,0.1919075801177576,0.45972824953395786
Leicester,Bournemouth,0.18142016922960416,0.19351916915944317,0.6250606616109529
Manchester City,Fulham,0.7094281312173556,0.1518455947265561,0.13872627405608856
West Ham,Ipswich,0.5284371615885374,0.21150019582840207,0.26006264258306044
Everton,Newcastle United,0.24079637827346084,0.208041752313697,0.5511618694128422
Aston Villa,Manchester United,0.4853387688999182,0.23569347269166063,0.2789677584084209
Chelsea,Nottingham Forest,0.4054027732603826,0.21875878915907207,0.3758384375805453
Brighton,Tottenham Hotspur,0.3206581069078872,0.1959828839161474,0.4833590091759654
Tottenham Hotspur,West Ham,0.613403004831394,0.1836149346939539,0.20298206047465212
Fulham,Aston Villa,0.3990378380597635,0.22153928921401916,0.3794228727262174
Manchester United,Brentford,0.26994236677817585,0.21717932830423292,0.5128783049175913
Newcastle United,Brighton,0.6202313957550751,0.17279143619173548,0.20697716805318941
Southampton,Leicester,0.3147147769531195,0.26304984956757765,0.42223537347930307
Ipswich,Everton,0.25704323086562453,0.2220646073608203,0.5208921617735552
Bournemouth,Arsenal,0.2541472219821528,0.20861334591569344,0.5372394321021537
Wolverhampton Wanderers,Manchester City,0.31607591450368566,0.18851839481684776,0.49540569067946644
Liverpool,Chelsea,0.7339971333882879,0.14094783181442014,0.12505503479729216
Nottingham Forest,Crystal Palace,0.6022406047467402,0.19720133182326727,0.20055806342999233
Leicester,Nottingham Forest,0.14105478078142983,0.1630456182296822,0.6958996009888879
Aston Villa,Bournemouth,0.4121367257672068,0.2213271747965937,0.3665360994361994
Brentford,Ipswich,0.755774751636338,0.13018587720436117,0.11403937115930096
Brighton,Wolverhampton Wanderers,0.2385713882756797,0.1818221659558684,0.5796064457684519
Manchester City,Southampton,0.9096602467777467,0.0635225795996297,0.026817173622623612
Everton,Fulham,0.3666048723769125,0.24653185002261266,0.38686327760047495
Chelsea,Newcastle United,0.337291056988408,0.20969645619369362,0.4530124868178984
Crystal Palace,Tottenham Hotspur,0.24475053852268014,0.20315594858116576,0.552093512896154
West Ham,Manchester United,0.3610005222437452,0.2546283409217837,0.3843711368344713
Arsenal,Liverpool,0.2576835717065088,0.18916341800479264,0.5531530102886987
Newcastle United,Arsenal,0.37103138309278666,0.20832865553304253,0.4206399613741708
Bournemouth,Manchester City,0.18837624969842406,0.17182867971338608,0.6397950705881899
Ipswich,Leicester,0.4453540627663826,0.22508782764965246,0.329558109583965
Liverpool,Brighton,0.8276667074490639,0.09802125919671076,0.0743120333542254
Nottingham Forest,West Ham,0.615264888349481,0.18814433062308802,0.19659078102743094
Southampton,Everton,0.17663622536422,0.23393660969494967,0.5894271649408304
Wolverhampton Wanderers,Crystal Palace,0.6955548969093329,0.16278307546879098,0.1416620276218761
Tottenham Hotspur,Aston Villa,0.48104426353234747,0.2007229278016928,0.3182328086659597
Manchester United,Chelsea,0.2837554643119384,0.24401755674667375,0.4722269789413879
Fulham,Brentford,0.3359546890782591,0.20538152249417257,0.4586637884275682
Brentford,Bournemouth,0.4944462441910093,0.20158048326614988,0.30397327254284084
Crystal Palace,Fulham,0.30749853945071276,0.2358053978874754,0.45669606266181184
West Ham,Everton,0.34100559706095984,0.26162742488616336,0.3973669780528767
Wolverhampton Wanderers,Southampton,0.8678639352017159,0.086285847008204,0.045850217790080104
Brighton,Manchester City,0.15441626870378702,0.15643071073144654,0.6891530205647665
Liverpool,Aston Villa,0.7867397668719032,0.11729541563479302,0.09596481749330397
Manchester United,Leicester,0.5614373861422722,0.23258309733937113,0.20597951651835666
Nottingham Forest,Newcastle United,0.3533288256190161,0.19130009998837919,0.45537107439260477
Tottenham Hotspur,Ipswich,0.7516337331215417,0.1286136617984438,0.11975260508001433
Chelsea,Arsenal,0.291903375188769,0.22982557992345526,0.4782710448877757
Leicester,Chelsea,0.1577521969241976,0.19308019928389436,0.649167603791908
Arsenal,Nottingham Forest,0.544351402026877,0.20112465452311892,0.2545239434500039
Aston Villa,Crystal Palace,0.5232903823491369,0.22905905118675873,0.2476505664641043
Bournemouth,Brighton,0.46834064792037194,0.21267136470414424,0.31898798737548395
Everton,Brentford,0.2941838415393642,0.2278091346751306,0.4780070237855052
Fulham,Wolverhampton Wanderers,0.263575312493801,0.18853686495687,0.5478878225493289
Manchester City,Tottenham Hotspur,0.6585474029731,0.15805875234367162,0.18339384468322828
Southampton,Liverpool,0.01815872105357007,0.04191557423281686,0.9399257047136131
Ipswich,Manchester United,0.2728896750537955,0.21882746300391592,0.5082828619422884
Newcastle United,West Ham,0.690477260696116,0.16061094342913293,0.14891179587475098
Brighton,Southampton,0.7039928303641176,0.17221365400218264,0.12379351563369963
Brentford,Leicester,0.7472200620091705,0.1444964091554033,0.10828352883542637
Crystal Palace,Newcastle United,0.1868639650015831,0.1839950820662918,0.6291409529321251
Nottingham Forest,Ipswich,0.750796354500566,0.13200086076336812,0.11720278473606605
Wolverhampton Wanderers,Bournemouth,0.5908747460341333,0.17960720571613542,0.22951804824973127
West Ham,Arsenal,0.16274517265175337,0.18878307783961912,0.6484717495086274
Chelsea,Aston Villa,0.4579074997721888,0.22965149583436995,0.3124410043934412
Manchester United,Everton,0.37111110338789527,0.27278023054718253,0.35610866606492225
Tottenham Hotspur,Fulham,0.5057619363188476,0.1949056281584896,0.29933243552266287
Liverpool,Manchester City,0.5366968212474056,0.18077905510120112,0.28252412365139334
Ipswich,Crystal Palace,0.3068433430392886,0.2251998002996158,0.46795685666109554
Leicester,West Ham,0.28076551974295544,0.24147125254424506,0.4777632277127996
Everton,Wolverhampton Wanderers,0.23280948657113804,0.20672186879043006,0.5604686446384318
Manchester City,Nottingham Forest,0.642310690335606,0.16689688457773313,0.19079242508666078
Newcastle United,Liverpool,0.20567546739014303,0.15466467223269204,0.6396598603771648
Southampton,Chelsea,0.11250793921125647,0.17140196407891545,0.7160900967098283
Arsenal,Manchester United,0.6483587268644846,0.19652303205681967,0.15511824107869565
Aston Villa,Brentford,0.3513445244256254,0.21087005144697332,0.4377854241274013
Fulham,Brighton,0.44609852453972276,0.21500783484823913,0.338893640612038
Bournemouth,Tottenham Hotspur,0.3709836100065683,0.2002621336240647,0.42875425636936704
Aston Villa,Southampton,0.73160457005808,0.1631940087297624,0.10520142121215746
Brentford,Newcastle United,0.359971078137275,0.19188974285496518,0.4481391790077599
Crystal Palace,Manchester City,0.11616026462737987,0.15243763661030751,0.7314020987623127
Manchester United,Nottingham Forest,0.2744060330720849,0.21781809620358344,0.5077758707243318
Fulham,Arsenal,0.23804164726643548,0.2045868882776435,0.557371464455921
Ipswich,Bournemouth,0.19533367090952514,0.1752250759335908,0.629441253156884
Leicester,Brighton,0.21327167636245836,0.2062060461327755,0.5805222775047663
Tottenham Hotspur,Chelsea,0.42318968505212995,0.2106847695550248,0.3661255453928452
West Ham,Wolverhampton Wanderers,0.17607852963519888,0.17262130932706457,0.6513001610377365
Everton,Liverpool,0.10325215122030813,0.13562159445710403,0.7611262543225878
Arsenal,Everton,0.61988171590706,0.21145738478181406,0.1686608993111258
Liverpool,Fulham,0.8076042891637278,0.10720860319867075,0.08518710763760126
Newcastle United,Leicester,0.8065427884484291,0.11520091702065496,0.07825629453091613
Wolverhampton Wanderers,Ipswich,0.8295514860501573,0.09695575703510509,0.0734927569147376
Nottingham Forest,Aston Villa,0.4878398962677511,0.2059383866265095,0.3062217171057394
Brighton,Crystal Palace,0.4866187813238228,0.23058927021408962,0.28279194846208766
Manchester City,Manchester United,0.738556655690154,0.15100592033647442,0.11043742397337167
Chelsea,Brentford,0.3998449914970001,0.21911671753879602,0.3810382909642038
Southampton,Tottenham Hotspur,0.09558721757564034,0.1327366992537258,0.7716760831706339
Bournemouth,West Ham,0.544830674732247,0.21336192115110092,0.24180740411665197
Aston Villa,Manchester City,0.18646788293856909,0.17546186659849805,0.6380702504629329
Brentford,Nottingham Forest,0.4355983579184209,0.19823225378548442,0.36616938829609474
Ipswich,Newcastle United,0.10471757879452898,0.11722836954672018,0.7780540516587509
West Ham,Brighton,0.3292206216095286,0.22788780379872806,0.44289157459174333
Crystal Palace,Arsenal,0.16577416351393542,0.1994750408132871,0.6347507956727775
Everton,Chelsea,0.3064382553354605,0.2543074786065703,0.43925426605796913
Fulham,Southampton,0.7248641921533362,0.16382554545338834,0.11131026239327538
Leicester,Wolverhampton Wanderers,0.09646824931229073,0.1282177380123691,0.7753140126753402
Manchester United,Bournemouth,0.32368116620601395,0.23652043177386994,0.4397984020201159
Tottenham Hotspur,Liverpool,0.14404007066918345,0.1302552698769407,0.7257046594538757
Manchester City,Everton,0.7103470826870562,0.16623755514727567,0.1234153621656683
Bournemouth,Crystal Palace,0.5331398415716967,0.22243545881137466,0.24442469961692875
Chelsea,Fulham,0.4804075514634007,0.22340862040351334,0.2961838281330859
Newcastle United,Aston Villa,0.5671308780056705,0.1880709528692268,0.2447981691251026
Nottingham Forest,Tottenham Hotspur,0.43956729129183775,0.19185059393747994,0.36858211477068237
Southampton,West Ham,0.21216847766864105,0.23278783088259036,0.5550436914487684
Wolverhampton Wanderers,Manchester United,0.6584917001462168,0.17526116744394588,0.1662471324098371
Liverpool,Leicester,0.9313274578442758,0.04708672481824969,0.021585817337474465
Brighton,Brentford,0.3088586303524858,0.20156873199090666,0.48957263765660763
Arsenal,Ipswich,0.8195612568297277,0.10942498766868672,0.0710137555015856
Leicester,Manchester City,0.057635298241473815,0.09702807312528139,0.8453366286332447
Crystal Palace,Southampton,0.5959397591954785,0.22980372340927654,0.17425651739524484
Everton,Nottingham Forest,0.2987022599088441,0.22822962772502936,0.47306811236612656
Fulham,Bournemouth,0.3978561993372747,0.21721534603930154,0.38492845462342384
Tottenham Hotspur,Wolverhampton Wanderers,0.330217448432945,0.18439119832773637,0.48539135323931865
West Ham,Liverpool,0.06672303311686123,0.09680671548457231,0.8364702513985663
Aston Villa,Brighton,0.4601806830697623,0.21794613111133887,0.32187318581889873
Ipswich,Chelsea,0.16810105680266507,0.17332142381356455,0.6585775193837704
Manchester United,Newcastle United,0.21696184760575607,0.19511036622684313,0.5879277861674008
Brentford,Arsenal,0.3105544142036553,0.2093504651527744,0.4800951206435702
Tottenham Hotspur,Newcastle United,0.34192659228725236,0.18472512590837165,0.473348281804376
Aston Villa,Leicester,0.665019883531123,0.18531003231951299,0.1496700841493641
Bournemouth,Everton,0.46879677978580636,0.2395624390002875,0.2916407812139062
Crystal Palace,Chelsea,0.2523824506846833,0.2373010752305233,0.5103164740847934
Manchester City,West Ham,0.7854150588702806,0.12701629543034842,0.08756864569937088
Southampton,Brentford,0.0945366639097196,0.13783496524256306,0.7676283708477172
Brighton,Arsenal,0.21584465039675937,0.1969919940473622,0.5871633555558783
Fulham,Ipswich,0.6602478135847201,0.1687013856344048,0.17105080078087523
Liverpool,Manchester United,0.8294493941907368,0.10358460896818737,0.06696599684107586
Wolverhampton Wanderers,Nottingham Forest,0.5338201029416976,0.18324838521078143,0.2829315118475211
Brentford,Manchester City,0.23736342186301265,0.1795620550887858,0.5830745230482013
West Ham,Fulham,0.3075679683737555,0.22655928635789202,0.46587274526835243
Chelsea,Bournemouth,0.4584147116359992,0.2252135310607123,0.3163717573032886
Nottingham Forest,Liverpool,0.15554831138333425,0.13980880726927974,0.704642881347386
Everton,Aston Villa,0.348360318977796,0.250080892944635,0.401558788077569
Leicester,Crystal Palace,0.27772707290774806,0.2501296434853121,0.4721432836069399
Newcastle United,Wolverhampton Wanderers,0.4189074999848926,0.1887152761454796,0.3923772238696278
Arsenal,Tottenham Hotspur,0.5591458676688104,0.19235727521880464,0.24849685711238503
Ipswich,Brighton,0.23200392868677489,0.18722717749990944,0.5807688938133158
Manchester United,Southampton,0.6312774160672621,0.21675657784110552,0.15196600609163244
Newcastle United,Bournemouth,0.5684177627229012,0.18461768465363868,0.2469645526234598
Brentford,Liverpool,0.16012806436000193,0.14194613867313297,0.6979257969668651
Leicester,Fulham,0.1967150869932742,0.20102318634618296,0.6022617266605428
West Ham,Crystal Palace,0.3956011836159834,0.25488081231313386,0.34951800407088274
Arsenal,Aston Villa,0.5904097379024191,0.20203173556229187,0.2075585265352889
Everton,Tottenham Hotspur,0.3045386033890407,0.2209420851702473,0.47451931144071224
Manchester United,Brighton,0.3654710958597884,0.23892512870141436,0.39560377543879716
Nottingham Forest,Southampton,0.803026981166357,0.12239417750913639,0.07457884132450682
Ipswich,Manchester City,0.057101668069240386,0.08376434589651648,0.859133986034243
Chelsea,Wolverhampton Wanderers,0.32680471893697544,0.2096318912012097,0.4635633898618148
Bournemouth,Nottingham Forest,0.3625696616340053,0.2066434427365633,0.43078689562943134
Brighton,Everton,0.42383383596960406,0.24388240517728874,0.33228375885310724
Liverpool,Ipswich,0.94020959788741,0.03938843978691878,0.0204019623256712
Southampton,Newcastle United,0.06640094839341842,0.10666927136177727,0.8269297802448043
Wolverhampton Wanderers,Arsenal,0.3954164361220873,0.20790022496402955,0.3966833389138832
Manchester City,Chelsea,0.6273049892112258,0.18479604246933165,0.18789896831944242
Crystal Palace,Brentford,0.2367531921979798,0.20904481233223948,0.5542019954697808
Tottenham Hotspur,Leicester,0.7448212075552386,0.1419375890365724,0.11324120340818872
Aston Villa,West Ham,0.5350250138219572,0.21973466760158208,0.24524031857646078
Fulham,Manchester United,0.4741833397770486,0.23278383431469274,0.2930328259082585
Nottingham Forest,Brighton,0.5395041827838521,0.19448495027168927,0.2660108669444584
Bournemouth,Liverpool,0.12242949129004932,0.12933689452284722,0.7482336141871035
Everton,Leicester,0.5777492251513232,0.2330041785189011,0.18924659632977558
Ipswich,Southampton,0.5314647686748362,0.22070001917918283,0.24783521214598084
Newcastle United,Fulham,0.5925155388464981,0.18011001760243955,0.22737444355106237
Wolverhampton Wanderers,Aston Villa,0.5896279460472647,0.18290290654925861,0.2274691474034766
Brentford,Tottenham Hotspur,0.4464828923386502,0.19168974092971214,0.36182736673163773
Manchester United,Crystal Palace,0.426907870543029,0.2622331270106441,0.3108590024463269
Arsenal,Manchester City,0.3416393772927556,0.21549663489370602,0.4428639878135382
Chelsea,West Ham,0.5750493427406288,0.21633903618730466,0.2086116210720667
Brighton,Chelsea,0.3238223484127761,0.22414433837024694,0.45203331321697704
Leicester,Arsenal,0.09333260103448188,0.1436986300131252,0.762968768952393
Aston Villa,Ipswich,0.671754121797946,0.1676116903316144,0.16063418787043945
Fulham,Nottingham Forest,0.3413263551375203,0.2055984958554443,0.4530751490070354
Manchester City,Newcastle United,0.5725389924565776,0.17868121901544914,0.24877978852797333
Southampton,Bournemouth,0.1290923033277907,0.17280673345485031,0.6981009632173589
West Ham,Brentford,0.23428476234298876,0.19981649655432676,0.5658987411026845
Crystal Palace,Everton,0.3379583204365413,0.2723145281661736,0.3897271513972851
Liverpool,Wolverhampton Wanderers,0.6757797985371005,0.14677323377250118,0.1774469676903982
Tottenham Hotspur,Manchester United,0.5595533990210576,0.20189467123641303,0.2385519297425293
Leicester,Brentford,0.13812463940423556,0.16155387593507678,0.7003214846606876
Everton,Manchester United,0.4133161410218668,0.2696496458020156,0.3170342131761173
Arsenal,West Ham,0.6981628748795288,0.17271423496094984,0.12912289015952141
Bournemouth,Wolverhampton Wanderers,0.2828201592127813,0.19203963772105465,0.5251402030661642
Fulham,Crystal Palace,0.512565599911008,0.22692631605033065,0.26050808403866127
Ipswich,Tottenham Hotspur,0.1499550866484744,0.14220380427622215,0.7078411090753034
Southampton,Brighton,0.15409326190651565,0.18825868676159277,0.6576480513318916
Aston Villa,Chelsea,0.36242216460877347,0.23268722882705806,0.40489060656416853
Newcastle United,Nottingham Forest,0.510285883025261,0.18678640682610853,0.3029277101486303
Manchester City,Liverpool,0.3296449590554632,0.18715824144025525,0.4831967995042815
Brighton,Bournemouth,0.37034532554225574,0.2160826477629122,0.41357202669483206
Wolverhampton Wanderers,Fulham,0.6143759387267523,0.1746980472624849,0.21092601401076289
Crystal Palace,Aston Villa,0.2907967745766923,0.23750553032674798,0.47169769509655973
Chelsea,Southampton,0.7584200130177373,0.15411786293931543,0.08746212404294709
Brentford,Everton,0.5408050663031948,0.21739086693102505,0.2418040667657802
Nottingham Forest,Arsenal,0.3046817912598272,0.20836510514773013,0.48695310359244276
Tottenham Hotspur,Manchester City,0.21939106509659648,0.16862746202903697,0.6119814728743665
Manchester United,Ipswich,0.5634012181249721,0.21067848312579182,0.22592029874923605
Liverpool,Newcastle United,0.6884026483017681,0.14275184559025306,0.16884550610797894
West Ham,Leicester,0.5321125892691742,0.23266859314646585,0.23521881758436003
Nottingham Forest,Manchester City,0.23185768682366847,0.17790576336305952,0.5902365498132719
Brighton,Fulham,0.3927501474607684,0.2172815094791392,0.3899683430600924
Crystal Palace,Ipswich,0.5223766386138627,0.21972730339795146,0.2578960579881859
Liverpool,Southampton,0.9537908671534503,0.033546465261492325,0.012662667585057349
Brentford,Aston Villa,0.49426758306862273,0.20531140890855054,0.3004210080228267
Wolverhampton Wanderers,Everton,0.6302233344109612,0.1883246733990082,0.18145199219003041
Chelsea,Leicester,0.6977874578007166,0.17707900253389472,0.12513353966538862
Tottenham Hotspur,Bournemouth,0.4808656638272374,0.1971084356396248,0.32202590053313773
Manchester United,Arsenal,0.19109220276278172,0.21152972265989722,0.5973780745773211
West Ham,Newcastle United,0.1830972062107117,0.17477952951038964,0.6421232642788988
Aston Villa,Liverpool,0.12182614076142134,0.13227155396870635,0.7459023052698723
Everton,West Ham,0.456633305247785,0.2564686872865298,0.2868980074656852
Ipswich,Nottingham Forest,0.14954209944493804,0.1472736581932058,0.7031842423618563
Manchester City,Brighton,0.7336295997858978,0.14235594308592692,0.12401445712817537
Southampton,Wolverhampton Wanderers,0.06338770939895168,0.10414421727078968,0.8324680733302586
Bournemouth,Brentford,0.35702544230162586,0.20659376782051125,0.4363807898778628
Arsenal,Chelsea,0.5338119243805526,0.2212552872270786,0.2449327883923687
Fulham,Tottenham Hotspur,0.3487766627415909,0.19936957759247237,0.4518537596659366
Leicester,Manchester United,0.24840856877489276,0.24265826997887702,0.5089331612462302
Newcastle United,Crystal Palace,0.6763596934319616,0.16983535377821818,0.15380495278982007
Arsenal,Fulham,0.6145410404133151,0.1925865443659823,0.19287241522070228
Wolverhampton Wanderers,West Ham,0.7091313782026611,0.15380840362373704,0.13706021817360187
Nottingham Forest,Manchester United,0.5627885456624193,0.20693710360825335,0.23027435072932734
Bournemouth,Ipswich,0.6821594348422031,0.161391622834039,0.15644894232375806
Brighton,Aston Villa,0.3719239887290635,0.22054104726344284,0.40753496400749356
Manchester City,Leicester,0.8744157654997868,0.08282064012471381,0.0427635943754992
Newcastle United,Brentford,0.5038206769640969,0.18777042174606284,0.30840890128984016
Southampton,Crystal Palace,0.21125577648148502,0.24204838662303127,0.5466958368954836
Liverpool,Everton,0.8049845997269356,0.11758721341122749,0.07742818686183695
Chelsea,Tottenham Hotspur,0.4157429194864752,0.21137591376964174,0.3728811667438832
Everton,Arsenal,0.21267805988849275,0.22644610220310854,0.5608758379083988
Crystal Palace,Brighton,0.3285942764060376,0.2369394174125992,0.43446630618136306
Ipswich,Wolverhampton Wanderers,0.09979428358309708,0.11452432381794439,0.7856813925989585
West Ham,Bournemouth,0.28817293932576044,0.22259507756647712,0.4892319831077622
Aston Villa,Nottingham Forest,0.35677093284837197,0.21093919378278192,0.43228987336884644
Brentford,Chelsea,0.43769741824561675,0.21665176730287014,0.3456508144515132
Fulham,Liverpool,0.11121364254518316,0.1227663780922723,0.7660199793625445
Tottenham Hotspur,Southampton,0.8070768527719455,0.1177127960165021,0.0752103512115524
Manchester United,Manchester City,0.13782201264745284,0.16649919930673868,0.6956787880458086
Leicester,Newcastle United,0.10084267540020068,0.1308647962877262,0.768292528312073
Manchester City,Crystal Palace,0.7707532716492008,0.13690300320173351,0.09234372514906575
Brighton,Leicester,0.6322340175594537,0.1929337475983079,0.1748322348422383
Nottingham Forest,Everton,0.5349593294097525,0.21846166348851603,0.24657900710173145
Southampton,Aston Villa,0.1326910826162893,0.1797422862541545,0.6875666311295562
Arsenal,Brentford,0.5384104498870769,0.20247734371565182,0.2591122063972714
Chelsea,Ipswich,0.7091294979708018,0.15846978032853515,0.132400721700663
Liverpool,West Ham,0.8674627675076172,0.08243658022950413,0.050100652262878693
Wolverhampton Wanderers,Tottenham Hotspur,0.5468356195316553,0.17623282939640122,0.27693155107194356
Newcastle United,Manchester United,0.6379450891256847,0.18205627724347845,0.1799986336308367
Bournemouth,Fulham,0.44224737799606645,0.21592103139672106,0.3418315906072125
Brentford,Brighton,0.5459302383551008,0.19350306114348897,0.26056670050141
Crystal Palace,Bournemouth,0.2887067647986406,0.23192691434429039,0.4793663208570689
Everton,Manchester City,0.1579129653547464,0.183006847356885,0.6590801872883687
West Ham,Southampton,0.6064265611853533,0.21928114110004354,0.1742922977146032
Aston Villa,Newcastle United,0.2887458071947157,0.1966540052512236,0.5146001875540608
Fulham,Chelsea,0.3494656123980698,0.22707423541669872,0.42346015218523136
Ipswich,Arsenal,0.09540580268626848,0.12593788637501635,0.7786563109387152
Manchester United,Wolverhampton Wanderers,0.20924626870948845,0.19340711124599333,0.5973466200445183
Leicester,Liverpool,0.030358148914073693,0.05785380374577251,0.9117880473401538
Tottenham Hotspur,Nottingham Forest,0.4195050542921658,0.19275946437367245,0.3877354813341619
Manchester City,Aston Villa,0.6853808045172327,0.16222251129653234,0.1523966841862352
Arsenal,Crystal Palace,0.6829739103239565,0.1835024281045701,0.13352366157147325
Chelsea,Everton,0.498701591951399,0.24719933207856498,0.254099075970036
Brighton,West Ham,0.4969452606757334,0.22189931120142542,0.2811554281228411
Newcastle United,Ipswich,0.8168125874916754,0.10260696598644901,0.08058044652187565
Southampton,Fulham,0.1412131413753042,0.18164084688326437,0.6771460117414315
Wolverhampton Wanderers,Leicester,0.819811163407953,0.10880778832222336,0.07138104826982349
Bournemouth,Manchester United,0.4945517421513128,0.2293557354270298,0.2760925224216573
Liverpool,Tottenham Hotspur,0.7663387495302143,0.11731941466344985,0.11634183580633593
Nottingham Forest,Brentford,0.4227620743696681,0.1987428817083431,0.37849504392198885
Manchester City,Wolverhampton Wanderers,0.5594179479944128,0.18180495576935696,0.2587770962362301
Aston Villa,Fulham,0.4345559899868606,0.22106863435274984,0.3443753756603896
Everton,Ipswich,0.582055785586638,0.21077254219874575,0.20717167221461638
Leicester,Southampton,0.4752284631026901,0.25658422191986385,0.26818731497744597
Arsenal,Bournemouth,0.5931769559507339,0.19784665965352627,0.2089763843957398
Brentford,Manchester United,0.5686755299575966,0.20571723997614005,0.22560723006626335
Brighton,Newcastle United,0.24768801756393355,0.18333136473142403,0.5689806177046424
West Ham,Tottenham Hotspur,0.24206678762853262,0.19438922704303002,0.5635439853284373
Chelsea,Liverpool,0.15637261186383877,0.15618133578975577,0.6874460523464054
Crystal Palace,Nottingham Forest,0.24089133688380515,0.20993769767473872,0.5491709654414562
Fulham,Everton,0.4492904038649223,0.2423469412229702,0.30836265491210746
Ipswich,Brentford,0.1462022963809189,0.14578888837699425,0.7080088152420869
Southampton,Manchester City,0.03686899064812476,0.0757214915808477,0.8874095177710275
Wolverhampton Wanderers,Brighton,0.641308264569064,0.1670680915223218,0.19162364390861425
Bournemouth,Aston Villa,0.4200962112640362,0.2205873356385189,0.35931645309744487
Newcastle United,Chelsea,0.5069653418237262,0.2036915511062557,0.2893431070700181
Manchester United,West Ham,0.43612351113490033,0.2526728750798117,0.311203613785288
Nottingham Forest,Leicester,0.7425355910732553,0.14635861904762099,0.1111057898791238
Tottenham Hotspur,Crystal Palace,0.6004022710975926,0.19236150941077543,0.2072362194916323
Liverpool,Arsenal,0.608343070256384,0.1779496330379049,0.21370729670571104
Chelsea,Manchester United,0.5251570100630404,0.23519622664587211,0.2396467632910876
Everton,Southampton,0.6441679192730375,0.21621660813352098,0.1396154725934416
Aston Villa,Tottenham Hotspur,0.36514178911250117,0.2043516620697146,0.4305065488177843
West Ham,Nottingham Forest,0.23850796583773912,0.20075811374199853,0.5607339204202623
Brentford,Fulham,0.5184542409311685,0.19895398079110155,0.28259177827772985
Crystal Palace,Wolverhampton Wanderers,0.17991355243122678,0.18193263140511054,0.6381538161636626
Leicester,Ipswich,0.38239595519927305,0.2285131843540129,0.389090860446714
Arsenal,Newcastle United,0.47514311524667835,0.2055576484011521,0.3192992363521695
Manchester City,Bournemouth,0.6888725633836823,0.15852679964446478,0.15260063697185292
Brighton,Liverpool,0.09613872814717563,0.11249184265604255,0.7913694291967819
Bournemouth,Leicester,0.6761184283611569,0.17807252996824996,0.14580904167059316
Fulham,Manchester City,0.17398847344353174,0.16608349731968042,0.6599280292367877
Ipswich,West Ham,0.3100997524435704,0.21782928003697744,0.4720709675194523
Liverpool,Crystal Palace,0.8554180505542988,0.09051976955007818,0.054062179895623244
Manchester United,Aston Villa,0.32522501438806434,0.2418462256628133,0.43292875994912244
Newcastle United,Everton,0.6087503672136936,0.19512370943732976,0.19612592334897658
Nottingham Forest,Chelsea,0.43141536816726705,0.21684499075588,0.35173964107685296
Southampton,Arsenal,0.06350529828810514,0.12001918829971715,0.8164755134121777
Tottenham Hotspur,Brighton,0.5341324298805744,0.1899411266743553,0.27592644344507017
Wolverhampton Wanderers,Brentford,0.5274518245223103,0.1843615690517231,0.28818660642596655
