home_team,away_team,home_win_prob,draw_prob,away_win_prob
Man Utd,Fulham,0.5075399037572974,0.2097364275112512,0.2827236687314515
Ipswich,Liverpool,0.0638490351790015,0.08962778137656607,0.8465231834444324
Arsenal,Wolves,0.6711704658555594,0.17149847785799235,0.1573310562864483
Everton,Brighton,0.40034335520512215,0.23478206704898397,0.3648745777458937
Newcastle,Southampton,0.7227004968808399,0.14922342095491462,0.12807608216424538
Nottingham Forest,Bournemouth,0.42801800243121335,0.20318065049791206,0.3688013470708745
West Ham,Aston Villa,0.3522817253476523,0.21906160390583038,0.42865667074651737
Brentford,Crystal Palace,0.44514370082930355,0.2155111380454045,0.33934516112529206
Chelsea,Man City,0.3272571435217504,0.19332208154255826,0.4794207749356914
Leicester,Spurs,0.18460393169544112,0.16839326595164822,0.6470028023529107
Brighton,Man Utd,0.3539845087630325,0.21523504877923674,0.4307804424577309
Crystal Palace,West Ham,0.4998668603939028,0.21909537896709974,0.2810377606389975
Fulham,Leicester,0.5608813571128567,0.2033074569875739,0.23581118589956954
Man City,Ipswich,0.8455861088775913,0.09189234516754574,0.062521545954863
Southampton,Nottingham Forest,0.2007508092069623,0.18351153071725354,0.6157376600757842
Spurs,Everton,0.5435437410647117,0.20595105598319152,0.2505052029520968
Aston Villa,Arsenal,0.23249121809709974,0.19035855114701594,0.5771502307558842
Bournemouth,Newcastle,0.37402283708488937,0.20074859002162787,0.4252285728934828
Wolves,Chelsea,0.2625441593881593,0.20385194465018275,0.5336038959616579
Liverpool,Brentford,0.6880406093748721,0.1506868411434078,0.16127254948172015
Arsenal,Brighton,0.6440322684831382,0.17596668631254292,0.18000104520431875
Brentford,Southampton,0.6904392896928521,0.16333411261600925,0.14622659769113863
Everton,Bournemouth,0.3784534626354134,0.22676069053067974,0.39478584683390694
Ipswich,Fulham,0.2503066894086514,0.20471941463709425,0.5449738959542544
Leicester,Aston Villa,0.2656621271111608,0.20486835898622174,0.5294695139026177
Nottingham Forest,Wolves,0.4873169872696763,0.21105057448575232,0.3016324382445713
West Ham,Man City,0.16584223476838492,0.15890968793012825,0.6752480773014868
Chelsea,Crystal Palace,0.5338514539973375,0.20454390274828135,0.26160464325438104
Newcastle,Spurs,0.3956168728519118,0.19637973210922138,0.4080033950388668
Man Utd,Liverpool,0.22022874685298777,0.1747357117784615,0.6050355413685506
Southampton,Man Utd,0.17527873518049808,0.17847942275808804,0.6462418420614139
Brighton,Ipswich,0.6248465900566607,0.18563449143784885,0.1895189185054904
Crystal Palace,Leicester,0.5966539452480609,0.1973762597855029,0.2059697949664362
Fulham,West Ham,0.4626038961613286,0.220565238934601,0.3168308649040704
Liverpool,Nottingham Forest,0.7107026155173864,0.14258593369532255,0.14671145078729098
Man City,Brentford,0.6326815802339869,0.1666958808348663,0.20062253893114673
Aston Villa,Everton,0.4403762655021368,0.23099080491133578,0.3286329295865274
Bournemouth,Chelsea,0.31585188279627757,0.1998657385428948,0.4842823786608275
Spurs,Arsenal,0.3148177486302948,0.1969515145500032,0.4882307368197021
Wolves,Newcastle,0.31226129879674547,0.20871401139006993,0.4790246898131848
West Ham,Chelsea,0.24310369864531792,0.19732881411429873,0.5595674872403834
Aston Villa,Wolves,0.467193040083352,0.21814663898527373,0.3146603209313744
Fulham,Newcastle,0.33182433937937417,0.20661994320299798,0.4615557174176279
Leicester,Everton,0.29144391900420435,0.23019099396252388,0.4783650870332717
Liverpool,Bournemouth,0.7125644648782544,0.14166621473315352,0.145769320388592
Southampton,Ipswich,0.39989148798602553,0.2273512716192374,0.372757240394737
Spurs,Brentford,0.4942914424945873,0.1948071703288752,0.31090138717653754
Crystal Palace,Man Utd,0.3764571121795955,0.22159857582181114,0.4019443119985934
Brighton,Nottingham Forest,0.39650190591609874,0.2106650115614397,0.3928330825224614
Man City,Arsenal,0.4434571366996594,0.19875024263707122,0.35779262066326945
Newcastle,Man City,0.26910944807858744,0.1802343004277107,0.5506562514937019
Arsenal,Leicester,0.7803412241766028,0.12708904475341093,0.09256973106998632
Brentford,West Ham,0.53203059358806,0.20429426224995093,0.263675144161989
Chelsea,Brighton,0.563815286420577,0.19442943517825936,0.2417552784011639
Everton,Crystal Palace,0.3769768165432072,0.24059518735625188,0.38242799610054096
Nottingham Forest,Fulham,0.4680755194269882,0.20907067352872283,0.32285380704428895
Wolves,Liverpool,0.1475357015564858,0.1506961069774249,0.7017681914660893
Ipswich,Aston Villa,0.22812138885255312,0.19468761104181645,0.5771910001056304
Man Utd,Spurs,0.3865298039712398,0.20406012721308536,0.4094100688156748
Bournemouth,Southampton,0.6733604652073468,0.16789302396919753,0.15874651082345567
Crystal Palace,Liverpool,0.18865196318054273,0.16878175831298134,0.6425662785064761
Arsenal,Southampton,0.8235183360317052,0.10810501095224061,0.06837665301605411
Brentford,Wolves,0.5071351247912885,0.20970609734576037,0.28315877786295124
Leicester,Bournemouth,0.250663233099494,0.19546694114914526,0.5538698257513608
Man City,Fulham,0.6887701084397607,0.15482759372474794,0.15640229783549145
West Ham,Ipswich,0.5601717168991615,0.2059121953422675,0.2339160877585711
Everton,Newcastle,0.3324570138076785,0.22195109702823834,0.4455918891640832
Aston Villa,Man Utd,0.3642197115292153,0.21408235754357538,0.4216979309272092
Chelsea,Nottingham Forest,0.5416232232773757,0.19315403890279378,0.26522273781983047
Brighton,Spurs,0.3168733491342968,0.1997126760274764,0.48341397483822673
Spurs,West Ham,0.6015642013889597,0.18359921893939554,0.21483657967164474
Fulham,Aston Villa,0.3953872397645749,0.21750747130859666,0.38710528892682844
Man Utd,Brentford,0.4465562225224277,0.20974831381459583,0.3436954636629764
Newcastle,Brighton,0.5062540098826842,0.20082265009550967,0.292923340021806
Southampton,Leicester,0.35648088643416337,0.2264274021608406,0.4170917114049959
Ipswich,Everton,0.2551609761811234,0.2221843896416795,0.522654634177197
Bournemouth,Arsenal,0.24261058653935316,0.18777640765651898,0.5696130058041279
Wolves,Man City,0.1829040743727479,0.16776796473510971,0.6493279608921424
Liverpool,Chelsea,0.5951266214751252,0.1754851991075085,0.22938817941736636
Nottingham Forest,Crystal Palace,0.4251205982350548,0.21515703895757377,0.35972236280737147
Leicester,Nottingham Forest,0.2500398112449174,0.19587810736698566,0.5540820813880967
Aston Villa,Bournemouth,0.4089200982259185,0.20840703929018814,0.3826728624838933
Brentford,Ipswich,0.6777401104751843,0.16556984125622257,0.15669004826859312
Brighton,Wolves,0.4557598821471707,0.22092217836289912,0.32331793948993026
Man City,Southampton,0.8530443035284752,0.08919157684648599,0.05776411962503882
Everton,Fulham,0.41424695300052145,0.23633546599237826,0.34941758100710035
Chelsea,Newcastle,0.48983946428560377,0.1984629887295727,0.3116975469848236
Crystal Palace,Spurs,0.3408221082306148,0.20734851034988044,0.4518293814195048
West Ham,Man Utd,0.2991126220405218,0.21399814246448443,0.4868892354949938
Arsenal,Liverpool,0.35788352656982036,0.19791302846194625,0.4442034449682333
Newcastle,Arsenal,0.2863469615455474,0.19581231012899514,0.5178407283254572
Bournemouth,Man City,0.22446492512910363,0.17063602158852928,0.6048990532823673
Ipswich,Leicester,0.37448357864166804,0.22352605456667032,0.4019903667916616
Liverpool,Brighton,0.7270053529663625,0.1405214911181808,0.1324731559154566
Nottingham Forest,West Ham,0.5122183060955601,0.2062528967398659,0.2815287971645739
Southampton,Everton,0.24236445364047773,0.2225829313058289,0.5350526150536934
Wolves,Crystal Palace,0.3599704664054504,0.22845941778553894,0.41157011580901065
Spurs,Aston Villa,0.5324029795595949,0.1925966199330337,0.27500040050737135
Man Utd,Chelsea,0.35827205964235287,0.21036832262089428,0.43135961773675285
Fulham,Brentford,0.35978377547214085,0.21284079718106338,0.42737542734679573
Brentford,Bournemouth,0.44933525498876187,0.20349645451341147,0.3471682904978267
Crystal Palace,Fulham,0.45823739782372414,0.2214148772312353,0.32034772494504066
West Ham,Everton,0.37324591871237,0.24002956358341201,0.3867245177042178
Wolves,Southampton,0.5950723013647372,0.20142497804609175,0.20350272058917102
Brighton,Man City,0.2071927496457104,0.17153440218407073,0.6212728481702189
Liverpool,Aston Villa,0.7195311952897643,0.14227525508710098,0.13819354962313468
Man Utd,Leicester,0.6476812385380477,0.17824591086654484,0.17407285059540725
Nottingham Forest,Newcastle,0.37505129492600126,0.2013275630467797,0.4236211420272192
Spurs,Ipswich,0.7439448806107918,0.13749806848936694,0.1185570508998413
Chelsea,Arsenal,0.3419411428109339,0.20737987325965127,0.45067898392941497
Leicester,Chelsea,0.17074253464888842,0.16916711580122468,0.6600903495498869
Arsenal,Nottingham Forest,0.6255167037935284,0.1764896292477386,0.19799366695873302
Aston Villa,Crystal Palace,0.4068253883765694,0.22078735870393149,0.37238725291949903
Bournemouth,Brighton,0.4515845915620292,0.20822538116768236,0.3401900272702884
Everton,Brentford,0.3583389661813051,0.2282458392654278,0.41341519455326703
Fulham,Wolves,0.4391365339409609,0.22405263718720195,0.3368108288718371
Man City,Spurs,0.5741246939301223,0.17457193663146645,0.25130336943841125
Southampton,Liverpool,0.059606986086613564,0.08731938551122118,0.8530736284021653
Ipswich,Man Utd,0.18579363931564682,0.1799028019686914,0.6343035587156618
Newcastle,West Ham,0.5657401608073789,0.19443261594654326,0.23982722324607794
Brighton,Southampton,0.6384889157566254,0.184065644333826,0.17744543990954853
Brentford,Leicester,0.632367705567861,0.1796640125665236,0.18796828186561534
Crystal Palace,Newcastle,0.3708568299135275,0.21273682412130923,0.4164063459651633
Nottingham Forest,Ipswich,0.660178161210073,0.17029466391033615,0.16952717487959096
Wolves,Bournemouth,0.35974431019727426,0.21521988894709196,0.42503580085563364
West Ham,Arsenal,0.18355788004692083,0.17874671513757195,0.6376954048155071
Chelsea,Aston Villa,0.5545288226487051,0.19491457974441062,0.2505565976068843
Man Utd,Everton,0.49562127034569287,0.22545799366562452,0.27892073598868244
Spurs,Fulham,0.5578368242590224,0.19093713640806936,0.2512260393329082
Liverpool,Man City,0.49429249717246926,0.18345253629002747,0.3222549665375032
Ipswich,Crystal Palace,0.22090924792471794,0.19934597426503642,0.5797447778102456
Leicester,West Ham,0.3280312741495303,0.2220989851526466,0.4498697406978231
Everton,Wolves,0.4315062949789782,0.240174730190883,0.3283189748301389
Man City,Nottingham Forest,0.6563634344097292,0.15940333938695952,0.18423322620331126
Newcastle,Liverpool,0.22163106055419396,0.16776267540265333,0.6106062640431527
Southampton,Chelsea,0.13308661898907762,0.15193687255222635,0.714976508458696
Arsenal,Man Utd,0.5751604569114875,0.19333198455793987,0.23150755853057248
Aston Villa,Brentford,0.38645501614032446,0.21034355232339716,0.40320143153627835
Fulham,Brighton,0.4052050818236345,0.2191661984074689,0.37562871976889634
Bournemouth,Spurs,0.3420127771684099,0.19544948280481983,0.46253774002677034
Aston Villa,Southampton,0.6507158203399066,0.17903126832232033,0.17025291133777304
Brentford,Newcastle,0.39625601247066816,0.2032227978235116,0.4005211897058203
Crystal Palace,Man City,0.22945926091443614,0.18342083123095237,0.5871199078546114
Man Utd,Nottingham Forest,0.4687806165754487,0.20661003554518895,0.32460934787936235
Fulham,Arsenal,0.2136803154192564,0.18772569043152054,0.5985939941492231
Ipswich,Bournemouth,0.21336506561499216,0.18424347679735997,0.6023914575876479
Leicester,Brighton,0.27494466471912243,0.20868388334103635,0.5163714519398414
Spurs,Chelsea,0.39889685714982065,0.2002390604051047,0.40086408244507477
West Ham,Wolves,0.3955510074334588,0.22875333421727226,0.37569565834926893
Everton,Liverpool,0.1681604330752261,0.17005011932827174,0.661789447596502
Arsenal,Everton,0.6368672642327995,0.18998248941506296,0.17315024635213755
Liverpool,Fulham,0.7391311102117158,0.1369899604691441,0.1238789293191401
Newcastle,Leicester,0.6661507916937193,0.16682520907115791,0.16702399923512268
Wolves,Ipswich,0.5810122894167751,0.2022663031066009,0.2167214074766241
Nottingham Forest,Aston Villa,0.4422079670884358,0.20777282995135984,0.3500192029602043
Brighton,Crystal Palace,0.39613113558025825,0.2226624890791143,0.3812063753406274
Man City,Man Utd,0.6040079647487924,0.17683702214466787,0.21915501310653965
Chelsea,Brentford,0.5183587285923786,0.19814518453075106,0.28349608687687033
Southampton,Spurs,0.14346681032630182,0.15158613322014783,0.7049470564535504
Bournemouth,West Ham,0.5116041089508436,0.20583712845289967,0.2825587625962566
Aston Villa,Man City,0.21464485916123338,0.17252791304215737,0.6128272277966093
Brentford,Nottingham Forest,0.4479557649956464,0.20410525866440618,0.3479389763399474
Ipswich,Newcastle,0.17566289420034512,0.16762160341463614,0.6567155023850187
West Ham,Brighton,0.36193288104057864,0.221422114867092,0.41664500409232924
Crystal Palace,Arsenal,0.24641514305726267,0.20121299311728777,0.5523718638254497
Everton,Chelsea,0.2830637037043577,0.2193205029861034,0.4976157933095389
Fulham,Southampton,0.6209339052231715,0.19067011557905764,0.18839597919777099
Leicester,Wolves,0.30794525935788625,0.22121326199668154,0.4708414786454321
Man Utd,Bournemouth,0.4702163088215227,0.20595454658302179,0.3238291445954554
Spurs,Liverpool,0.2473849153324613,0.17186455911846438,0.5807505255490746
Man City,Everton,0.6679875732470436,0.17072662126862487,0.16128580548433147
Bournemouth,Crystal Palace,0.42428986230286253,0.21462906461345804,0.3610810730836795
Chelsea,Fulham,0.5784285672590964,0.19269906845695253,0.228872364283951
Newcastle,Aston Villa,0.49623126043755755,0.20063748270038792,0.3031312568620545
Nottingham Forest,Spurs,0.3431170621424736,0.19607954587291465,0.4608033919846117
Southampton,West Ham,0.2727718283389057,0.21694698704001988,0.5102811846210745
Wolves,Man Utd,0.3196447724270115,0.21853195379847323,0.4618232737745152
Liverpool,Leicester,0.8499899482017579,0.08961224972735066,0.0603978020708913
Brighton,Brentford,0.3756660998648181,0.2117496562096435,0.41258424392553833
Arsenal,Ipswich,0.8156423478466414,0.11073219225266895,0.07362545990068958
Leicester,Man City,0.10685212818207636,0.12420413421632163,0.7689437376016021
Crystal Palace,Southampton,0.6540449704111261,0.18271770493849857,0.16323732465037535
Everton,Nottingham Forest,0.37735564082618006,0.2273509160901839,0.3952934430836361
Fulham,Bournemouth,0.38120906113557507,0.2116560582235485,0.4071348806408765
Spurs,Wolves,0.5759093678996857,0.19069520526391065,0.23339542683640363
West Ham,Liverpool,0.13242792392109357,0.1411379462734913,0.7264341298054151
Aston Villa,Brighton,0.43293188207437266,0.21475619598642826,0.3523119219391992
Ipswich,Chelsea,0.14150648902445717,0.15401732392775544,0.7044761870477875
Man Utd,Newcastle,0.41792481225639244,0.20729161423702033,0.37478357350658725
Brentford,Arsenal,0.2617904244129313,0.1945898768596345,0.5436196987274341
Spurs,Newcastle,0.46418224377944023,0.1942354411901025,0.3415823150304572
Aston Villa,Leicester,0.5911110855287335,0.19338480963855864,0.21550410483270788
Bournemouth,Everton,0.4585051354394745,0.2236051528855871,0.31788971167493824
Crystal Palace,Chelsea,0.315877056729629,0.2124122844804206,0.4717106587899502
Man City,West Ham,0.7268803147261199,0.14323668391550695,0.12988300135837316
Southampton,Brentford,0.18716550316168518,0.17946256770733454,0.6333719291309803
Brighton,Arsenal,0.22500176858163576,0.18972536828897377,0.5852728631293904
Fulham,Ipswich,0.6070326201831822,0.19196860249947467,0.20099877731734306
Liverpool,Man Utd,0.659664072788658,0.16192924044609336,0.17840668676524862
Wolves,Nottingham Forest,0.35870032856640477,0.21574794418488488,0.42555172724871054
Brentford,Man City,0.24423938879922652,0.1779683627123571,0.5777922484884165
West Ham,Fulham,0.3766390250887761,0.22388766233189492,0.3994733125793289
Chelsea,Bournemouth,0.5432644554740481,0.19240419050382476,0.2643313540221272
Nottingham Forest,Liverpool,0.18313623930122575,0.15642369150116553,0.6604400691976089
Everton,Aston Villa,0.39129850025328633,0.23300949379725264,0.37569200594946117
Leicester,Crystal Palace,0.2566544733075405,0.2099139351885367,0.5334315915039228
Newcastle,Wolves,0.5403451657526854,0.20068794618603508,0.2589668880612795
Arsenal,Spurs,0.5464874855722829,0.18952264037676722,0.26398987405094987
Ipswich,Brighton,0.23699984459310186,0.19912543209598732,0.5638747233109108
Man Utd,Southampton,0.7034518127543302,0.16131232824805128,0.13523585899761847
Newcastle,Bournemouth,0.4829909254395002,0.1972112354159732,0.3197978391445266
Brentford,Liverpool,0.19999805564580764,0.16401544819227898,0.6359864961619134
Leicester,Fulham,0.28891949779381987,0.2133337293394279,0.4977467728667523
West Ham,Crystal Palace,0.3393180443549619,0.22539074229685263,0.43529121334818555
Arsenal,Aston Villa,0.6358580881078951,0.17717410519798393,0.1869678066941208
Everton,Spurs,0.3047267683066173,0.2147653332888536,0.4805078984045291
Man Utd,Brighton,0.49255443651147335,0.21018923591098512,0.29725632757754167
Nottingham Forest,Southampton,0.6735133318461438,0.16821068046485452,0.15827598768900167
Ipswich,Man City,0.08475039961509369,0.10788544156695291,0.8073641588179534
Chelsea,Wolves,0.5950701131061615,0.19217474653287875,0.21275514036095974
Bournemouth,Nottingham Forest,0.42579883131069585,0.20325450575410006,0.37094666293520406
Brighton,Everton,0.42964313279962474,0.23356124536312076,0.33679562183725453
Liverpool,Ipswich,0.8793336333626243,0.07468969372496423,0.04597667291241163
Southampton,Newcastle,0.1652498034217262,0.16584331317358728,0.6689068834046864
Wolves,Arsenal,0.20047522591366473,0.1871915567101818,0.6123332173761533
Man City,Chelsea,0.5364330723886053,0.18685395632781202,0.27671297128358263
Crystal Palace,Brentford,0.39862302891261436,0.21722803308466168,0.3841489380027239
Spurs,Leicester,0.7008736917584989,0.1532736664211934,0.14585264182030774
Aston Villa,West Ham,0.4913806536622791,0.2138537584854088,0.29476558785231205
Fulham,Man Utd,0.33888808205819565,0.21592962092520143,0.44518229701660283
Nottingham Forest,Brighton,0.45238468528900705,0.20870238772890398,0.33891292698208886
Bournemouth,Liverpool,0.181957041249683,0.1554894740461737,0.6625534847041433
Everton,Leicester,0.5455312048573919,0.21972966259506496,0.23473913254754317
Ipswich,Southampton,0.43595445211425543,0.22592114039267724,0.3381244074930674
Newcastle,Fulham,0.5218315479832841,0.200093726860145,0.2780747251565708
Wolves,Aston Villa,0.37382392088195815,0.22170066319630377,0.40447541592173797
Brentford,Spurs,0.3642977907608948,0.1989713677501363,0.43673084148896896
Man Utd,Crystal Palace,0.46456254847070566,0.21824744136336657,0.3171900101659277
Arsenal,Man City,0.4133783049620315,0.19971967270460117,0.38690202233336735
Chelsea,West Ham,0.6198682127187647,0.1844867323910635,0.1956450548901718
Brighton,Chelsea,0.29304800096896105,0.2037068058734448,0.5032451931575941
Leicester,Arsenal,0.12352793689289632,0.14514229027428494,0.7313297728328186
Aston Villa,Ipswich,0.6372284630086948,0.1807812003931616,0.18199033659814368
Fulham,Nottingham Forest,0.38007703113856867,0.21219562841351192,0.4077273404479194
Man City,Newcastle,0.6055443127151182,0.17054695925202168,0.2239087280328601
Southampton,Bournemouth,0.2011713080904029,0.1831162421540749,0.6157124497555221
West Ham,Brentford,0.3179575357420011,0.21199110354745634,0.4700513607105427
Crystal Palace,Everton,0.44918857916426447,0.23748291087479842,0.313328509960937
Liverpool,Wolves,0.7515157399544182,0.1343745459332007,0.11410971411238113
Spurs,Man Utd,0.46766403976264165,0.20135623924481638,0.3309797209925421
Leicester,Brentford,0.23407876301849853,0.1929225044661208,0.5729987325153807
Everton,Man Utd,0.33858008816516644,0.23188440191777474,0.4295355099170589
Arsenal,West Ham,0.6946811172950909,0.1623554223924916,0.14296346031241766
Bournemouth,Wolves,0.48664769729512936,0.2106036033853678,0.30274869931950277
Fulham,Crystal Palace,0.3804702403069606,0.22443200486883083,0.3950977548242085
Ipswich,Spurs,0.15283237189891535,0.15372207407933422,0.6934455540217505
Southampton,Brighton,0.22411078697856326,0.1986483839613182,0.5772408290601186
Aston Villa,Chelsea,0.30224389523431544,0.20349519512021055,0.49426090964547414
Newcastle,Nottingham Forest,0.48149975565922737,0.19785593640696944,0.3206443079338033
Man City,Liverpool,0.37309517105428747,0.18694563581420756,0.4399591931315048
Brighton,Bournemouth,0.3976964290597547,0.2101100719361743,0.3921934990040711
Wolves,Fulham,0.3980865669233423,0.22566131338412568,0.37625211969253197
Crystal Palace,Aston Villa,0.4339404907832643,0.21975912391867056,0.3463003852980651
Chelsea,Southampton,0.7657454792820567,0.13390412702237198,0.10035039369557125
Brentford,Everton,0.4780737522571468,0.22347523567109312,0.2984510120717599
Nottingham Forest,Arsenal,0.24375196460909776,0.18863011225794563,0.5676179231329566
Spurs,Man City,0.298210746578736,0.1824728396652883,0.5193164137559757
Man Utd,Ipswich,0.6915480718875251,0.1635963760449211,0.14485555206755366
Liverpool,Newcastle,0.6631500230330258,0.15571964913732395,0.18113032782965013
West Ham,Leicester,0.5140069035724874,0.2149452201899634,0.2710478762375491
Nottingham Forest,Man City,0.22567150102531391,0.1714925963835772,0.602835902591109
Brighton,Fulham,0.4368698190069146,0.21797975797085928,0.3451504230222261
Crystal Palace,Ipswich,0.6412864850507745,0.18441692132014798,0.1742965936290777
Liverpool,Southampton,0.8853286799266801,0.07226553068498945,0.04240578938833034
Brentford,Aston Villa,0.4629454849512216,0.2076652928956897,0.32938922215308863
Wolves,Everton,0.3931260986343369,0.2418445202762864,0.36502938108937666
Chelsea,Leicester,0.7146886707268821,0.15266676859713368,0.1326445606759843
Spurs,Bournemouth,0.5197458838414339,0.18988806252008472,0.29036605363848145
Man Utd,Arsenal,0.2822101755141716,0.20342409619596746,0.514365728289861
West Ham,Newcastle,0.29105763842689314,0.20386817310024635,0.5050741884728603
Aston Villa,Liverpool,0.17425262835688918,0.15693415612358075,0.66881321551953
Everton,West Ham,0.45348934357337223,0.23658372203729594,0.3099269343893317
Ipswich,Nottingham Forest,0.212890847340998,0.1846325986747344,0.6024765539842676
Man City,Brighton,0.6753519162677674,0.1579987103242274,0.1666493734080053
Southampton,Wolves,0.25497195519504706,0.214377020869893,0.5306510239350599
Bournemouth,Brentford,0.40368329343526843,0.2050313505252816,0.39128535603945
Arsenal,Chelsea,0.5108780076785193,0.20156289291033558,0.287559099411145
Fulham,Spurs,0.3020081296028849,0.19936350439669312,0.49862836600042193
Leicester,Man Utd,0.2193444820530953,0.19275466297446436,0.5879008549724402
Newcastle,Crystal Palace,0.4771298883877749,0.208945933175649,0.31392417843657594
Arsenal,Fulham,0.6571475736021802,0.17316915352553292,0.16968327287228693
Wolves,West Ham,0.43933047157795097,0.22700173825789813,0.3336677901641508
Nottingham Forest,Man Utd,0.38128125424292086,0.20965760153507165,0.40906114422200746
Bournemouth,Ipswich,0.6599671880521107,0.16998282096385217,0.17004999098403714
Brighton,Aston Villa,0.4117806133898942,0.21552870846994016,0.3726906781401656
Man City,Leicester,0.8117166049604463,0.10779939198164308,0.08048400305791065
Newcastle,Brentford,0.4583314204619734,0.20116742207586122,0.3405011574621655
Southampton,Crystal Palace,0.2090212539103456,0.19869363915157928,0.592285106938075
Liverpool,Everton,0.7167517971594388,0.1531886493717461,0.13005955346881518
Chelsea,Spurs,0.4578966028054455,0.19833255118299034,0.3437708460115643
Everton,Arsenal,0.22090228782973229,0.20540668403947224,0.5736910281307955
Crystal Palace,Brighton,0.4434890013203817,0.2208455309398985,0.33566546773971984
Ipswich,Wolves,0.26889316213789616,0.21398785507674653,0.5171189827853574
West Ham,Bournemouth,0.33780216073911645,0.2120431002363719,0.45015473902451164
Aston Villa,Nottingham Forest,0.407683356856934,0.20897116081931008,0.383345482323756
Brentford,Chelsea,0.3369430059081496,0.20425198814356413,0.45880500594828627
Fulham,Liverpool,0.15825262993775446,0.15252746081853333,0.689219909243712
Spurs,Southampton,0.7551478514137104,0.134721587868719,0.11013056071757046
Man Utd,Man City,0.2656784893941745,0.18722433727621293,0.5470971733296128
Leicester,Newcastle,0.20953353281619116,0.18111675738277236,0.6093497098010365
Man City,Crystal Palace,0.643972171448765,0.17056842437408432,0.18545940417715068
Brighton,Leicester,0.578731533129575,0.1977445222783572,0.22352394459206779
Nottingham Forest,Everton,0.45917697692489967,0.22411277812357888,0.31671024495152134
Southampton,Aston Villa,0.21554228695817332,0.19398682922842972,0.5904708838133971
Arsenal,Brentford,0.6026411472314293,0.18343267653261114,0.21392617623595964
Chelsea,Ipswich,0.7555370060972998,0.13659204600868202,0.1078709478940183
Liverpool,West Ham,0.7737146554531005,0.12470379387989883,0.10158155066700067
Wolves,Spurs,0.2835584368630877,0.20053685484060818,0.5159047082963042
Newcastle,Man Utd,0.4329889808143934,0.20677462195064392,0.3602363972349626
Bournemouth,Fulham,0.4673262810874036,0.20861042837764981,0.3240632905349466
Brentford,Brighton,0.4729459938080074,0.2083062683974705,0.31874773779452215
Crystal Palace,Bournemouth,0.4207682274505503,0.2147572126540295,0.3644745598954201
Everton,Man City,0.20442379759214876,0.18593600130464658,0.6096402011032046
West Ham,Southampton,0.5748022477401729,0.2054060696713415,0.21979168258848558
Aston Villa,Newcastle,0.35774107678644723,0.2053121301357821,0.43694679307777057
Fulham,Chelsea,0.2793422232996398,0.20299106095719643,0.5176667157431638
Ipswich,Arsenal,0.10029841441009811,0.12878227916591653,0.7709193064239853
Man Utd,Wolves,0.5253511798578682,0.21078843792308263,0.2638603822190492
Leicester,Liverpool,0.08205259732017667,0.10546142932030482,0.8124859733595183
Spurs,Nottingham Forest,0.5181456737769325,0.1905759140254668,0.2912784121976006
Man City,Aston Villa,0.6669746723407948,0.15949178580564358,0.17353354185356168
Arsenal,Crystal Palace,0.61361753667221,0.18837106035563217,0.19801140297215786
Chelsea,Everton,0.5624142063062445,0.20854905114565736,0.2290367425480981
Brighton,West Ham,0.47964199737305374,0.21694710627246774,0.3034108963544784
Newcastle,Ipswich,0.7106660061163566,0.15177685513792225,0.1375571387457214
Southampton,Fulham,0.23692893036045712,0.20457027810087236,0.5585007915386705
Wolves,Leicester,0.5353574477805965,0.21245068471845974,0.2521918675009439
Bournemouth,Man Utd,0.3803183734760682,0.20907158358084793,0.41061004294308384
Liverpool,Spurs,0.6338086125711551,0.1613011759394561,0.20489021148938893
Nottingham Forest,Brentford,0.40462737979591873,0.20556850368978313,0.3898041165142981
Man City,Wolves,0.7030685115770743,0.1525685955775901,0.14436289284533566
Aston Villa,Fulham,0.44825470156386404,0.2155530584504973,0.33619223998563863
Everton,Ipswich,0.5890372997373609,0.20880218781641693,0.20216051244622216
Leicester,Southampton,0.48139440569055925,0.221509646180022,0.2970959481294188
West Ham,Spurs,0.26276902570930316,0.19468733483777625,0.5425436394529207
Arsenal,Bournemouth,0.6273073739494006,0.17561172951879114,0.1970808965318084
Brentford,Man Utd,0.40167737923172364,0.2113334814325347,0.3869891393357417
Brighton,Newcastle,0.34728563466162415,0.20624044778950618,0.44647391754886967
Chelsea,Liverpool,0.2759043365537334,0.18500890069671033,0.5390867627495561
Crystal Palace,Nottingham Forest,0.4195027872148227,0.21536232979817874,0.3651348829869986
Newcastle,Chelsea,0.36601420674205565,0.20254584569400688,0.4314399475639374
Fulham,Everton,0.4140489332630013,0.2363438262414821,0.34960724049551656
Ipswich,Brentford,0.19853103202356523,0.18079454363139366,0.620674424345041
Man Utd,West Ham,0.5498956709372919,0.2047648444957359,0.24533948456697213
Southampton,Man City,0.07921254397569717,0.10542158550807425,0.8153658705162287
Spurs,Crystal Palace,0.5120499349586604,0.20145210445310016,0.2864979605882395
Wolves,Brighton,0.3834170029033626,0.22371525272541673,0.3928677443712206
Bournemouth,Aston Villa,0.4413724968507273,0.20728538608108157,0.35134211706819113
Nottingham Forest,Leicester,0.6137856196782999,0.1837078178738132,0.2025065624478868
Liverpool,Arsenal,0.5016547593548929,0.1933418036611111,0.30500343698399585
Arsenal,Newcastle,0.5765266417746111,0.18642079294237315,0.2370525652830158
Aston Villa,Spurs,0.3268765881425994,0.19927286453250642,0.4738505473248943
Brentford,Fulham,0.4884223588333449,0.2082428637596699,0.3033347774069852
Brighton,Liverpool,0.1679390458423934,0.15556922178687876,0.6764917323707278
Chelsea,Man Utd,0.4918557287319938,0.2056803508104129,0.3024639204575932
Crystal Palace,Wolves,0.47622736951171735,0.22382149601734835,0.29995113447093424
Everton,Southampton,0.6019560070336509,0.20797690588915207,0.190067087077197
Leicester,Ipswich,0.4651027432231298,0.22003248787961055,0.3148647688972597
Man City,Bournemouth,0.6582095258938352,0.15853520599203327,0.18325526811413145
West Ham,Nottingham Forest,0.33683794145901114,0.2125400520919845,0.45062200644900424
Bournemouth,Leicester,0.6134439336863987,0.18337558921488545,0.20318047709871592
Fulham,Man City,0.1958823222309969,0.16903932185270354,0.6350783559162996
Ipswich,West Ham,0.2875394881129626,0.21617311311466567,0.49628739877237166
Liverpool,Crystal Palace,0.696417405719909,0.15397599538668078,0.14960659889341021
Man Utd,Aston Villa,0.4829187886534386,0.2098029109845221,0.30727830036203935
Newcastle,Everton,0.5095649267958542,0.2151544215874839,0.275280651616662
Nottingham Forest,Chelsea,0.3169468758499796,0.20056265706277504,0.4824904670872452
Southampton,Arsenal,0.09425208857320462,0.12652845401445115,0.7792194574123442
Spurs,Brighton,0.5423307922066483,0.19232817062188504,0.2653410371714668
Wolves,Brentford,0.3393300116276003,0.2158645746058036,0.44480541376659616
