home_team,away_team,home_win_prob,draw_prob,away_win_prob
Liverpool,Bournemouth,0.6541476519265655,0.16718430178144023,0.1786680462919943
Aston Villa,Newcastle United,0.37293686554137306,0.19932967748101996,0.427733456977607
Brighton,Fulham,0.4623462103019278,0.19673281579475402,0.34092097390331816
Nottingham Forest,Brentford,0.4781722949019994,0.2122357040121628,0.30959200108583773
Sunderland,West Ham,0.22123868255173304,0.22074280572426713,0.5580185117239999
Tottenham Hotspur,Burnley,0.670074020699691,0.15244146363241698,0.17748451566789192
Wolverhampton Wanderers,Manchester City,0.12841041341814893,0.14845220500510362,0.7231373815767475
Chelsea,Crystal Palace,0.5249487930249099,0.20150654723354053,0.2735446597415494
Manchester United,Arsenal,0.14403577350217972,0.18656980897870157,0.6693944175191188
Leeds,Everton,0.27557475254233915,0.2099533771816159,0.5144718702760451
Arsenal,Leeds,0.7908233172856171,0.11772924997229188,0.09144743274209098
Bournemouth,Wolverhampton Wanderers,0.5485008296735888,0.207017454566499,0.24448171575991218
Brentford,Aston Villa,0.3974567578438829,0.2082624766857329,0.3942807654703841
Burnley,Sunderland,0.5003794998694603,0.2345487365802819,0.26507176355025786
Crystal Palace,Nottingham Forest,0.37917738696565545,0.2168390423835867,0.40398357065075785
Everton,Brighton,0.42169862278512354,0.21948388165337132,0.3588174955615052
Fulham,Manchester United,0.4468825460501061,0.22630144933544857,0.32681600461444543
Manchester City,Tottenham Hotspur,0.7408187631084154,0.12947105898862732,0.1297101779029574
Newcastle United,Liverpool,0.30594866235256823,0.17882423124965696,0.5152271063977748
West Ham,Chelsea,0.20040349015761588,0.18776291889942334,0.6118335909429607
Aston Villa,Crystal Palace,0.443783653764181,0.20814650032443807,0.3480698459113809
Brighton,Manchester City,0.21160702274502932,0.17306589369901318,0.6153270835559574
Chelsea,Fulham,0.6160119103273161,0.17953932740794218,0.2044487622647418
Leeds,Newcastle United,0.1606265616439263,0.14261139267797315,0.6967620456781005
Liverpool,Arsenal,0.46231773082616945,0.20668668191628242,0.33099558725754824
Manchester United,Burnley,0.5220527079585662,0.21547423530567295,0.26247305673576093
Nottingham Forest,West Ham,0.5824658692076738,0.19546835698403736,0.22206577380828874
Sunderland,Brentford,0.1404559696005072,0.1766982700634093,0.6828457603360836
Tottenham Hotspur,Bournemouth,0.36962215683905075,0.19790563129527947,0.43247221186566975
Wolverhampton Wanderers,Everton,0.2859448684369959,0.2387220942749506,0.4753330372880537
Arsenal,Nottingham Forest,0.5610440371034148,0.2041309033352795,0.23482505956130573
Bournemouth,Brighton,0.41380585404915227,0.2076472281246522,0.3785469178261956
Brentford,Chelsea,0.3050010999249094,0.2063472414653718,0.48865165860971876
Burnley,Liverpool,0.050109254554455175,0.076902140720807,0.8729886047247379
Crystal Palace,Sunderland,0.7492575078615376,0.15569173452709503,0.09505075761136744
Everton,Aston Villa,0.3841063435435985,0.23687767227094275,0.3790159841854588
Fulham,Leeds,0.558641382706016,0.18456012148155784,0.2567984958124261
Manchester City,Manchester United,0.7476419345819405,0.14199666336468159,0.11036140205337805
Newcastle United,Wolverhampton Wanderers,0.7201635784207996,0.14235429886661702,0.1374821227125834
West Ham,Tottenham Hotspur,0.3500450242102927,0.19827066143654418,0.45168431435316303
Arsenal,Manchester City,0.42000847722444634,0.22441689466682488,0.35557462810872875
Bournemouth,Newcastle United,0.3024561874374298,0.20860496522230287,0.48893884734026727
Brighton,Tottenham Hotspur,0.4861717782259127,0.18304499622188627,0.33078322555220097
Burnley,Nottingham Forest,0.14245730231170456,0.15500693467930127,0.7025357630089941
Fulham,Brentford,0.3659404665218712,0.21403537170582312,0.4200241617723056
Liverpool,Everton,0.6650343509238388,0.17612927227210567,0.15883637680405557
Manchester United,Chelsea,0.19675397302857,0.20154401362928828,0.6017020133421418
Sunderland,Aston Villa,0.11904255338146279,0.1641011833219156,0.7168562632966217
West Ham,Crystal Palace,0.255827457099144,0.20297048678669385,0.5412020561141622
Wolverhampton Wanderers,Leeds,0.4906607157897367,0.1947488244518978,0.31459045975836536
Aston Villa,Fulham,0.5415917398600203,0.19283416354997038,0.2655740965900092
Brentford,Manchester United,0.5411157671866326,0.20620887336488392,0.2526753594484834
Chelsea,Brighton,0.5737672638761391,0.1801407675116886,0.24609196861217236
Crystal Palace,Liverpool,0.19502980449126686,0.16828955011882368,0.6366806453899092
Everton,West Ham,0.5411397806061541,0.22278008204644834,0.23608013734739772
Leeds,Bournemouth,0.23126700501058461,0.1793212451477764,0.5894117498416391
Manchester City,Burnley,0.8719642032090639,0.0785645472185483,0.0494712495723877
Newcastle United,Arsenal,0.35638785415013585,0.2100912422136051,0.43352090363625906
Nottingham Forest,Sunderland,0.7636466271071154,0.1472184236925013,0.0891349492003833
Tottenham Hotspur,Wolverhampton Wanderers,0.5397625090845649,0.1826198133253209,0.27761767759011413
Arsenal,West Ham,0.7293465370553266,0.15447813294300644,0.11617533000166695
Aston Villa,Burnley,0.7435050879463355,0.13630272242646915,0.12019218962719541
Bournemouth,Fulham,0.4597620532349795,0.2177127823246067,0.3225251644404139
Brentford,Manchester City,0.22618203505805515,0.1863688665552887,0.587449098386656
Chelsea,Liverpool,0.3062466785438231,0.1877716657673514,0.5059816556888255
Everton,Crystal Palace,0.37617302128763197,0.23896188948487998,0.384865089227488
Leeds,Tottenham Hotspur,0.30256503238074917,0.17670660497973167,0.520728362639519
Manchester United,Sunderland,0.6032707534655696,0.22471316641913325,0.17201608011529715
Newcastle United,Nottingham Forest,0.5261551894151668,0.18916498357581396,0.28467982700901917
Wolverhampton Wanderers,Brighton,0.27210378436269,0.18741428974875968,0.5404819258885504
Brighton,Newcastle United,0.2921828417257946,0.18531558579155327,0.522501572482652
Burnley,Leeds,0.3501944939589749,0.1988787148484859,0.4509267911925393
Crystal Palace,Bournemouth,0.4074146945429732,0.22570252590772658,0.36688277954930026
Fulham,Arsenal,0.1778137693486611,0.18587881405010934,0.6363074166012295
Liverpool,Manchester United,0.7591641680205293,0.13401375872397062,0.10682207325550008
Manchester City,Everton,0.6424573456390235,0.18955194520762242,0.16799070915335415
Nottingham Forest,Chelsea,0.32794885279121133,0.21424060247258295,0.45781054473620575
Sunderland,Wolverhampton Wanderers,0.21631783236560762,0.2136583176486275,0.5700238499857648
Tottenham Hotspur,Aston Villa,0.3620650069400595,0.19195150245060694,0.4459834906093336
West Ham,Brentford,0.30597670060175497,0.2101400000162892,0.48388329938195584
Arsenal,Crystal Palace,0.5698119939200622,0.20468049785951734,0.2255075082204205
Aston Villa,Manchester City,0.2869870638650916,0.19776677331905487,0.5152461628158533
Bournemouth,Nottingham Forest,0.3565790380506207,0.22197078740427786,0.42145017454510136
Brentford,Liverpool,0.18114170754704764,0.15670999627744941,0.662148296175503
Chelsea,Sunderland,0.8389349108038735,0.10708793228919086,0.053977156906935705
Everton,Tottenham Hotspur,0.48087560194210344,0.2117758303877269,0.30734856767016955
Leeds,West Ham,0.3788333815450639,0.2001765772754818,0.42099004117945427
Manchester United,Brighton,0.27941818509947386,0.2047485320431116,0.5158332828574146
Newcastle United,Fulham,0.6364873062908062,0.16586495927702052,0.19764773443217343
Wolverhampton Wanderers,Burnley,0.5373150717654671,0.1980027311968147,0.2646821970377182
Brighton,Leeds,0.641395103429886,0.15760323478254248,0.20100166178757167
Burnley,Arsenal,0.07524554995945097,0.11789968751198948,0.8068547625285596
Crystal Palace,Brentford,0.4636015548873323,0.21680485995165613,0.31959358516101155
Fulham,Wolverhampton Wanderers,0.4801075278862517,0.20950251546710977,0.31038995664663843
Liverpool,Aston Villa,0.6457667663977745,0.1647968834398644,0.18943635016236116
Manchester City,Bournemouth,0.6392335572719305,0.17656435443090812,0.18420208829716148
Nottingham Forest,Manchester United,0.5458152159472306,0.21217819926500497,0.2420065847877644
Sunderland,Everton,0.1515728546914661,0.21971994002284573,0.6287072052856881
Tottenham Hotspur,Chelsea,0.2864247570494693,0.18636415215304605,0.5272110907974845
West Ham,Newcastle United,0.1970103569661526,0.17476825690376332,0.628221386130084
Aston Villa,Bournemouth,0.4612636679456338,0.21194236164764566,0.32679397040672054
Brentford,Newcastle United,0.3169528028332288,0.19554167349699414,0.48750552366977706
Chelsea,Wolverhampton Wanderers,0.6973529072335779,0.15750971447791254,0.1451373782885096
Crystal Palace,Brighton,0.43469594874738204,0.20226343199762895,0.363040619254989
Everton,Fulham,0.46287907474642487,0.22950575437726786,0.30761517087630724
Manchester City,Liverpool,0.39072952048941384,0.19062204881225453,0.4186484306983317
Nottingham Forest,Leeds,0.6590728855360168,0.16100402393377672,0.1799230905302064
Sunderland,Arsenal,0.05831694134642837,0.11873116932231355,0.8229518893312582
Tottenham Hotspur,Manchester United,0.5090934270952701,0.19779041544582593,0.29311615745890396
West Ham,Burnley,0.5425459110942453,0.19887895049828924,0.25857513840746543
Arsenal,Tottenham Hotspur,0.6834641932005118,0.158156699014456,0.15837910778503217
Bournemouth,West Ham,0.5435276832228904,0.21097296330540713,0.24549935347170249
Brighton,Brentford,0.4273563535143715,0.20076273118082155,0.3718809153048068
Burnley,Chelsea,0.11507385734825196,0.14303143002443708,0.741894712627311
Fulham,Sunderland,0.684343331267671,0.18133524535120354,0.13432142338112543
Leeds,Aston Villa,0.22388935350654943,0.17213828078243365,0.6039723657110168
Liverpool,Nottingham Forest,0.6269347477210732,0.1689326320713891,0.2041326202075378
Manchester United,Everton,0.2924980445567232,0.2601714310479032,0.4473305243953736
Newcastle United,Manchester City,0.36776789481153305,0.19794784427737488,0.43428426091109196
Wolverhampton Wanderers,Crystal Palace,0.24314925033192045,0.19883933098135576,0.558011418686724
Aston Villa,Wolverhampton Wanderers,0.6299865136281456,0.17545709770860962,0.19455638866324465
Brentford,Burnley,0.7213224137789234,0.142777244565813,0.13590034165526377
Chelsea,Arsenal,0.36280390591304046,0.22101423076426355,0.416181863322696
Crystal Palace,Manchester United,0.5300963811451828,0.21822587325471735,0.2516777456001
Everton,Newcastle United,0.31500075557554275,0.22267079327989867,0.46232845114455845
Manchester City,Leeds,0.8433929932801092,0.0886931003065952,0.06791390641329553
Nottingham Forest,Brighton,0.44986426026919946,0.19878805826927598,0.35134768146152473
Sunderland,Bournemouth,0.12476518577741041,0.17511397541104176,0.7001208388115479
Tottenham Hotspur,Fulham,0.4498657061371532,0.1902042532817994,0.35993004058104744
West Ham,Liverpool,0.10512383339712265,0.12267656978783442,0.772199596815043
Arsenal,Brentford,0.6631786412480227,0.18164845377584163,0.15517290497613548
Bournemouth,Everton,0.4017739038615842,0.2563623402075743,0.34186375593084145
Brighton,Aston Villa,0.3718534338327803,0.20093385966142607,0.4272127065057936
Burnley,Crystal Palace,0.15103427140029474,0.16222596132431166,0.6867397672753937
Fulham,Manchester City,0.1773899374532684,0.17192649042176247,0.6506835721249693
Leeds,Chelsea,0.1729790451777828,0.15707891340972197,0.6699420414124951
Liverpool,Sunderland,0.9050171111459255,0.06562447257269269,0.0293584162813817
Manchester United,West Ham,0.40497463351286034,0.2361857142621638,0.3588396522249759
Newcastle United,Tottenham Hotspur,0.6606715562983098,0.15092942282444322,0.18839902087724716
Wolverhampton Wanderers,Nottingham Forest,0.23299586907434627,0.19294314849682162,0.574060982428832
Aston Villa,Arsenal,0.28034229439070085,0.21045889128946693,0.5091988143198324
Bournemouth,Chelsea,0.2928506021436705,0.2193644285698504,0.4877849692864792
Brighton,West Ham,0.5542223780937918,0.1898113351976043,0.255966286708604
Everton,Nottingham Forest,0.3663997402877604,0.23526691421604504,0.3983333454961947
Fulham,Crystal Palace,0.3070596503051107,0.21034499030473153,0.48259535939015774
Leeds,Liverpool,0.08220409905808461,0.09478794990101322,0.8230079510409023
Manchester City,Sunderland,0.9009671057594115,0.06915159414309884,0.029881300097489766
Newcastle United,Burnley,0.8196571708972108,0.10166387660511217,0.07867895249767705
Tottenham Hotspur,Brentford,0.40963091388493306,0.19233358153655997,0.398035504578507
Wolverhampton Wanderers,Manchester United,0.3772890727662164,0.2298087493570157,0.3929021778767679
Arsenal,Wolverhampton Wanderers,0.7398955835479202,0.1490641168002596,0.11104029965182029
Brentford,Leeds,0.6812272740258555,0.14894542851565246,0.16982729745849223
Burnley,Fulham,0.21107574162744874,0.18364180783413667,0.6052824505384147
Chelsea,Everton,0.5606838087849487,0.21625277239512639,0.223063418819925
Crystal Palace,Manchester City,0.2466737729667551,0.1996436654986169,0.5536825615346278
Liverpool,Brighton,0.6884788675836354,0.1447630033261203,0.1667581290902443
Manchester United,Bournemouth,0.26630271520782534,0.22809590154900972,0.5056013832431648
Nottingham Forest,Tottenham Hotspur,0.5192801791219247,0.19008391274127992,0.29063590813679524
Sunderland,Newcastle United,0.0811199806966659,0.12535202411567448,0.7935279951876595
West Ham,Aston Villa,0.2621197334832418,0.20253703246699734,0.535343234049761
Aston Villa,Manchester United,0.5887085519817004,0.19600017701531405,0.21529127100298573
Bournemouth,Burnley,0.667644058670881,0.17141759254938302,0.16093834877973598
Brighton,Sunderland,0.7559073082883183,0.14307070767876348,0.10102198403291841
Everton,Arsenal,0.23766830390672436,0.23330479661858475,0.529026899474691
Fulham,Nottingham Forest,0.2961209561134535,0.20564011722131706,0.49823892666522945
Leeds,Crystal Palace,0.2188261608971975,0.1720173977364246,0.6091564413663779
Manchester City,West Ham,0.7834612685006135,0.12240099292199377,0.09413773857739291
Newcastle United,Chelsea,0.451033356736108,0.19992489776168137,0.3490417455022106
Tottenham Hotspur,Liverpool,0.16047589243612465,0.1355854429740637,0.7039386645898117
Wolverhampton Wanderers,Brentford,0.2924525495457846,0.20649811336930807,0.5010493370849073
Arsenal,Brighton,0.6307479472861878,0.17649486079809976,0.1927571919157126
Brentford,Bournemouth,0.4020889691771244,0.21567052345976742,0.38224050736310833
Burnley,Everton,0.19476624586943014,0.20995529253933026,0.5952784615912395
Chelsea,Aston Villa,0.5336517380880141,0.1986379220511801,0.2677103398608059
Crystal Palace,Tottenham Hotspur,0.5028661974886397,0.19462627038166536,0.30250753212969506
Liverpool,Wolverhampton Wanderers,0.7961616111072631,0.1135882391638573,0.09025014972887946
Manchester United,Newcastle United,0.1965248728580141,0.1888017780137037,0.6146733491282821
Nottingham Forest,Manchester City,0.25681911616149455,0.19898990570024166,0.5441909781382637
Sunderland,Leeds,0.2701286152305645,0.21165503445268952,0.5182163503167461
West Ham,Fulham,0.3356248853779172,0.21136792353631725,0.4530071910857655
Arsenal,Aston Villa,0.5794243685939697,0.20085223869225088,0.2197233927137793
Brentford,Tottenham Hotspur,0.5266307129354345,0.18210645947670814,0.2912628275878574
Burnley,Newcastle United,0.10664100087326381,0.12732698991020497,0.7660320092165313
Chelsea,Bournemouth,0.5438856470771792,0.20311748687107575,0.2529968660517451
Crystal Palace,Fulham,0.4825953593901577,0.21034499030473153,0.3070596503051107
Liverpool,Leeds,0.8440790415599689,0.08724485548008085,0.06867610295995026
Manchester United,Wolverhampton Wanderers,0.4054829352067937,0.23207139946387692,0.3624456653293295
Nottingham Forest,Everton,0.44274164608500477,0.24216951830219194,0.3150888356128032
Sunderland,Manchester City,0.05428805258632528,0.102686941031226,0.8430250063824487
West Ham,Brighton,0.2828426955735058,0.19090924453301358,0.5262480598934807
Aston Villa,Nottingham Forest,0.43256471862659474,0.20600827532190294,0.36142700605150235
Bournemouth,Arsenal,0.22047426155948416,0.21485940221943334,0.5646663362210824
Brighton,Burnley,0.6842622787748964,0.1525467888742877,0.16319093235081572
Everton,Brentford,0.4554064999133325,0.23758438909002733,0.3070091109966401
Fulham,Liverpool,0.13597356780832048,0.13942405983764372,0.724602372354036
Leeds,Manchester United,0.3545408846718808,0.2077711310830253,0.43768798424509403
Manchester City,Chelsea,0.5313251035333835,0.19602014095273862,0.27265475551387786
Newcastle United,Crystal Palace,0.5371183639448875,0.18976897306199791,0.27311266299311443
Tottenham Hotspur,Sunderland,0.751485543850535,0.1408376794323561,0.1076767767171091
Wolverhampton Wanderers,West Ham,0.40955256320654965,0.21863039392679162,0.37181704286665884
Arsenal,Liverpool,0.3525134580983374,0.20518431017645375,0.44230223172520877
Bournemouth,Tottenham Hotspur,0.48159379464449553,0.2010286513089089,0.3173775540465956
Brentford,Sunderland,0.7796354085113647,0.1347307676720608,0.08563382381657451
Burnley,Manchester United,0.2624730567357608,0.21547423530567295,0.5220527079585661
Crystal Palace,Aston Villa,0.39834877178297545,0.2181581382267544,0.3834930899902701
Everton,Wolverhampton Wanderers,0.5482389016588934,0.21857441527719373,0.2331866830639128
Fulham,Chelsea,0.2436113745072866,0.19901961108926075,0.5573690144034527
Manchester City,Brighton,0.6836184791354905,0.149443424388313,0.16693809647619645
Newcastle United,Leeds,0.7854285977637046,0.11132187951487253,0.10324952272142293
West Ham,Nottingham Forest,0.2454003276691227,0.19727178748431143,0.5573278848465659
Aston Villa,Everton,0.48223543562027016,0.22933315610549987,0.28843140827423
Brighton,Bournemouth,0.37854691782619554,0.20764722812465217,0.4138058540491522
Chelsea,Brentford,0.6056089331998105,0.1864777785357425,0.20791328826444708
Leeds,Fulham,0.2928222274868683,0.18609381402211342,0.5210839584910181
Liverpool,Burnley,0.872988604724738,0.07690214072080702,0.05010925455445519
Manchester United,Manchester City,0.14310914660641144,0.171087520215512,0.6858033331780766
Nottingham Forest,Arsenal,0.25146121629919016,0.21226703631529317,0.5362717473855168
Sunderland,Crystal Palace,0.11601934439819729,0.16377377403437038,0.7202068815674325
Tottenham Hotspur,West Ham,0.5431292469081164,0.18513662755455318,0.2717341255373305
Wolverhampton Wanderers,Newcastle United,0.18541062448841208,0.16954486500731247,0.6450445105042755
Arsenal,Manchester United,0.6927445664358008,0.17526718413252476,0.13198824943167442
Bournemouth,Liverpool,0.17866804629199426,0.16718430178144017,0.6541476519265655
Brentford,Nottingham Forest,0.3762351407147512,0.20699801400907897,0.4167668452761698
Burnley,Tottenham Hotspur,0.21928935949705322,0.17325623061155263,0.6074544098913941
Crystal Palace,Chelsea,0.31544259164130906,0.2160269664072347,0.46853044195145616
Everton,Leeds,0.6107673310464927,0.1869612943370682,0.20227137461643901
Fulham,Brighton,0.3409209739033182,0.19673281579475405,0.4623462103019279
Manchester City,Wolverhampton Wanderers,0.7913161406284075,0.11801099249950923,0.09067286687208312
Newcastle United,Aston Villa,0.5470004923421155,0.18675718269469901,0.26624232496318534
West Ham,Sunderland,0.6301144654376691,0.2027835248528894,0.16710200970944133
Aston Villa,Brentford,0.5194326606785045,0.1999689837381265,0.280598355583369
Brighton,Everton,0.4066649096993517,0.22900016773726845,0.3643349225633798
Chelsea,West Ham,0.6913721544935049,0.16119208119387582,0.14743576431261946
Leeds,Arsenal,0.11896424923110645,0.1346669865878775,0.746368764181016
Liverpool,Newcastle United,0.5702570681164921,0.17620793358585138,0.25353499829765636
Manchester United,Fulham,0.32681600461444543,0.22630144933544857,0.446882546050106
Nottingham Forest,Crystal Palace,0.40398357065075785,0.2168390423835867,0.37917738696565545
Sunderland,Burnley,0.3111997894852187,0.23181213550028204,0.4569880750144992
Tottenham Hotspur,Manchester City,0.20475365033494536,0.16172002706920555,0.6335263225958492
Wolverhampton Wanderers,Bournemouth,0.25640535267439357,0.20745660446029182,0.5361380428653145
Arsenal,Sunderland,0.858671037964782,0.09979461043481143,0.04153435160040655
Bournemouth,Aston Villa,0.3754102237582215,0.22387924010821103,0.40071053613356755
Brighton,Crystal Palace,0.363040619254989,0.20226343199762897,0.43469594874738204
Burnley,West Ham,0.28425405047632174,0.20896525741520522,0.506780692108473
Fulham,Everton,0.3516628467304253,0.24373388122145995,0.4046032720481145
Leeds,Nottingham Forest,0.2077218884286298,0.16610728618944526,0.626170825381925
Liverpool,Manchester City,0.4767627585523777,0.19461238921488727,0.32862485223273497
Manchester United,Tottenham Hotspur,0.33936645352399963,0.2111798978192415,0.44945364865675874
Newcastle United,Brentford,0.6161178694133284,0.17401320936149894,0.20986892122517253
Wolverhampton Wanderers,Chelsea,0.18808884597889755,0.18261158960267942,0.6292995644184229
Aston Villa,Brighton,0.4926681946969388,0.1892147173229824,0.31811708798007876
Brentford,Arsenal,0.21470978235353272,0.19876418703592494,0.5865260306105422
Chelsea,Leeds,0.7547795453745665,0.12786416766799527,0.11735628695743815
Crystal Palace,Burnley,0.6867397672753935,0.16222596132431166,0.15103427140029474
Everton,Bournemouth,0.3944028734258873,0.24609312541688996,0.3595040011572228
Manchester City,Fulham,0.7161100699399429,0.14558292114470983,0.13830700891534703
Nottingham Forest,Wolverhampton Wanderers,0.5864853517436328,0.19189163456794964,0.2216230136884175
Sunderland,Liverpool,0.03738959828204836,0.07301471206779375,0.8895956896501578
Tottenham Hotspur,Newcastle United,0.28134347581841035,0.1754870343689014,0.5431694898126882
West Ham,Manchester United,0.3890414451821745,0.23125156890056153,0.37970698591726404
Aston Villa,Leeds,0.7028382946219472,0.1439554061964224,0.15320629918163023
Brentford,Brighton,0.44533432215477264,0.19163313936406412,0.3630325384811631
Chelsea,Burnley,0.7928579533447065,0.11822564434519425,0.08891640231009915
Crystal Palace,Wolverhampton Wanderers,0.5704452178347111,0.19803642647957442,0.23151835568571452
Everton,Manchester United,0.505796369637321,0.24045086906688307,0.2537527612957961
Manchester City,Newcastle United,0.5567890268485273,0.18382473058773885,0.259386242563734
Nottingham Forest,Liverpool,0.20413262020753778,0.16893263207138906,0.626934747721073
Sunderland,Fulham,0.16240250777756346,0.18802312807022267,0.649574364152214
Tottenham Hotspur,Arsenal,0.20761025687023268,0.17402027060240394,0.6183694725273634
West Ham,Bournemouth,0.2699299843815863,0.21147163280106585,0.5185983828173479
Arsenal,Chelsea,0.48063649764469973,0.21956764029184103,0.29979586206345915
Bournemouth,Sunderland,0.7297447622679233,0.16755791020034158,0.10269732753173529
Brighton,Nottingham Forest,0.3513476814615247,0.19878805826927598,0.4498642602691994
Burnley,Brentford,0.17883938852063197,0.171514732053743,0.649645879425625
Fulham,Tottenham Hotspur,0.4113704837330632,0.19804235293888084,0.3905871633280559
Leeds,Manchester City,0.11108082057336656,0.12076341197573662,0.7681557674508968
Liverpool,West Ham,0.790268332997658,0.11708026729840879,0.09265139970393335
Manchester United,Crystal Palace,0.2516777456000999,0.21822587325471726,0.5300963811451825
Newcastle United,Everton,0.5708330418126871,0.2038060982268966,0.2253608599604163
Wolverhampton Wanderers,Aston Villa,0.24969902032964578,0.19856806756315595,0.5517329121071983
Aston Villa,Chelsea,0.3639373738234372,0.20947594477704376,0.42658668139951883
Bournemouth,Brentford,0.44166907994394433,0.22439394043771183,0.33393697961834384
Brighton,Arsenal,0.20903344883106822,0.18554807898794268,0.6054184721809892
Everton,Burnley,0.6577296144839565,0.18334875042066134,0.15892163509538218
Fulham,West Ham,0.4802092162068628,0.2130510901979624,0.30673969359517467
Leeds,Sunderland,0.6090018629909849,0.1931467827645939,0.19785135424442118
Manchester City,Nottingham Forest,0.6129726575052101,0.17723618509633055,0.2097911573984593
Newcastle United,Manchester United,0.6787098127800119,0.16358477717509698,0.1577054100448911
Tottenham Hotspur,Crystal Palace,0.35414011006886437,0.19294425697609913,0.45291563295503656
Wolverhampton Wanderers,Liverpool,0.09620235957631902,0.11640120229028944,0.7873964381333916
Arsenal,Everton,0.5906724788309159,0.22187075743986034,0.18745676372922385
Brentford,Wolverhampton Wanderers,0.5907126058212329,0.18377120791091703,0.22551618626785014
Burnley,Bournemouth,0.16093834877973595,0.17141759254938305,0.6676440586708811
Chelsea,Newcastle United,0.45645402188648654,0.2004229647596127,0.34312301335390066
Crystal Palace,Leeds,0.6423199777489328,0.16747514639043296,0.19020487586063425
Liverpool,Tottenham Hotspur,0.7442785129635633,0.1259993825886853,0.1297221044477514
Manchester United,Aston Villa,0.25768145065262904,0.2175830632954607,0.5247354860519102
Nottingham Forest,Fulham,0.49823892666522945,0.20564011722131706,0.2961209561134535
Sunderland,Brighton,0.12434292665310674,0.15193673354638232,0.7237203398005109
West Ham,Manchester City,0.14020588374349974,0.15545231314015948,0.7043418031163408
Aston Villa,West Ham,0.6261039091810072,0.17883616087512272,0.19505992994387014
Bournemouth,Manchester United,0.5056013832431648,0.22809590154900977,0.26630271520782534
Brighton,Liverpool,0.1667581290902443,0.1447630033261203,0.6884788675836355
Everton,Chelsea,0.3027165215069901,0.23307187525939882,0.46421160323361105
Fulham,Burnley,0.6052824505384146,0.18364180783413664,0.21107574162744874
Leeds,Brentford,0.2519702361719128,0.1776686968540423,0.5703610669740449
Manchester City,Crystal Palace,0.6220465045021226,0.17699102753164125,0.20096246796623624
Newcastle United,Sunderland,0.8636399790699856,0.08932827924257647,0.04703174168743801
Tottenham Hotspur,Nottingham Forest,0.34158109851424745,0.1894763349311161,0.4689425665546363
Wolverhampton Wanderers,Arsenal,0.1295931334260545,0.16250393966638746,0.7079029269075581
Arsenal,Bournemouth,0.5890527811949983,0.20560281756240584,0.20534440124259587
Brentford,Everton,0.4174257580303213,0.2384628947339246,0.34411134723575415
Burnley,Brighton,0.1631909323508157,0.1525467888742877,0.6842622787748964
Chelsea,Manchester City,0.371416049107953,0.20862875130315617,0.419955199588891
Crystal Palace,Newcastle United,0.32324240627723555,0.2055078777770465,0.47124971594571796
Liverpool,Fulham,0.7246023723540358,0.13942405983764367,0.13597356780832046
Manchester United,Leeds,0.47371160202696494,0.21042171637538712,0.3158666815976481
Nottingham Forest,Aston Villa,0.41257570977227004,0.21485596150391614,0.37256832872381396
Sunderland,Tottenham Hotspur,0.1663097188725161,0.17475352182247733,0.6589367593050066
West Ham,Wolverhampton Wanderers,0.4173421962048243,0.21597766003500712,0.36668014376016833
Aston Villa,Sunderland,0.800151082883932,0.1258668532126806,0.07398206390338735
Brentford,Fulham,0.494799423125438,0.19886867429391425,0.3063319025806478
Chelsea,Manchester United,0.6578452440353185,0.1785530186755067,0.1636017372891748
Crystal Palace,West Ham,0.566325215334712,0.20168858275912893,0.23198620190615904
Everton,Liverpool,0.19261471358057636,0.18266322413424982,0.6247220622851738
Leeds,Wolverhampton Wanderers,0.37012079376199947,0.1958317060232985,0.4340475002147022
Manchester City,Arsenal,0.4352089194867288,0.21779334540357576,0.3469977351096953
Newcastle United,Bournemouth,0.5544604276508954,0.19106995685546538,0.25446961549363917
Nottingham Forest,Burnley,0.7025357630089941,0.1550069346793013,0.1424573023117046
Tottenham Hotspur,Brighton,0.38795417530861337,0.1806383442543043,0.4314074804370822
Arsenal,Newcastle United,0.5079410817704357,0.2072879997748778,0.2847709184546865
Bournemouth,Leeds,0.6226141042334253,0.17549763260181298,0.20188826316476183
Brighton,Chelsea,0.2903018799854068,0.19613557932037612,0.5135625406942173
Burnley,Manchester City,0.07035493099959969,0.1035799812501347,0.8260650877502655
Fulham,Aston Villa,0.3142937384610108,0.20942460438659397,0.4762816571523953
Liverpool,Crystal Palace,0.6366806453899094,0.1682895501188237,0.19502980449126694
Manchester United,Brentford,0.30592911684268126,0.22778828106906132,0.46628260208825756
Sunderland,Nottingham Forest,0.1091848101038197,0.15561148916478065,0.7352037007313996
West Ham,Everton,0.3011812915258019,0.24158894347927556,0.45722976499492257
Wolverhampton Wanderers,Tottenham Hotspur,0.34136000497220426,0.19599166805290183,0.46264832697489383
Arsenal,Fulham,0.6607881025632025,0.17576435327809053,0.16344754415870677
Aston Villa,Tottenham Hotspur,0.5643595940304271,0.17760761326833543,0.25803279270123747
Bournemouth,Crystal Palace,0.36688277954930026,0.22570252590772655,0.40741469454297313
Brentford,West Ham,0.5866197939675845,0.1875798366179031,0.22580036941451254
Chelsea,Nottingham Forest,0.5143141441755712,0.20066455925853352,0.2850212965658952
Everton,Manchester City,0.24502661618411048,0.2187463122469627,0.5362270715689269
Leeds,Burnley,0.49933993194256815,0.18946954222182671,0.3111905258356049
Manchester United,Liverpool,0.10682207325550007,0.13401375872397062,0.7591641680205292
Newcastle United,Brighton,0.5913920420922899,0.16799540525690285,0.24061255265080728
Wolverhampton Wanderers,Sunderland,0.6252441973704043,0.2028092546143669,0.17194654801522896
Brighton,Wolverhampton Wanderers,0.554276162405874,0.18674645430274464,0.2589773832913814
Burnley,Aston Villa,0.15510507408777666,0.16266930665584986,0.6822256192563735
Crystal Palace,Everton,0.4286089923965578,0.24699880405634794,0.3243922035470943
Fulham,Bournemouth,0.3225251644404139,0.2177127823246067,0.45976205323497943
Liverpool,Chelsea,0.5520169799955067,0.18647608897181414,0.26150693103267914
Manchester City,Brentford,0.7082062101715355,0.15235973938488684,0.13943405044357773
Nottingham Forest,Newcastle United,0.33598319396258836,0.2038220889550123,0.46019471708239945
Sunderland,Manchester United,0.20459972230584098,0.22764482209922599,0.5677554555949332
Tottenham Hotspur,Leeds,0.6261736344334509,0.1572336190224483,0.21659274654410102
West Ham,Arsenal,0.14261633164200319,0.16996919649303757,0.6874144718649593
Arsenal,Burnley,0.8260397419182207,0.10727439768251165,0.06668586039926755
Aston Villa,Liverpool,0.2314570249473496,0.17119869379818894,0.5973442812544614
Bournemouth,Manchester City,0.22723732854580206,0.20095686140539432,0.5718058100488036
Brentford,Crystal Palace,0.38692669364487253,0.21021155282481507,0.4028617535303124
Chelsea,Tottenham Hotspur,0.6350276978894019,0.16481439777780071,0.20015790433279734
Everton,Sunderland,0.7161449676060333,0.18195504237309484,0.10189999002087173
Leeds,Brighton,0.2331716354507305,0.1625696883886688,0.6042586761606007
Manchester United,Nottingham Forest,0.2420065847877644,0.21217819926500497,0.5458152159472307
Newcastle United,West Ham,0.7155106009342104,0.14561486948995045,0.138874529575839
Wolverhampton Wanderers,Fulham,0.32454529233292007,0.20881958791108554,0.4666351197559942
Brighton,Manchester United,0.5158332828574145,0.2047485320431116,0.2794181850994739
Burnley,Wolverhampton Wanderers,0.27728132834250063,0.20285117578213052,0.5198674958753687
Crystal Palace,Arsenal,0.24168297321138138,0.2131676028452207,0.545149423943398
Fulham,Newcastle United,0.2432858446844917,0.18721796329296894,0.5694961920225392
Liverpool,Brentford,0.7152598500997454,0.1457875593217077,0.13895259057854714
Manchester City,Aston Villa,0.6322963823709131,0.17302341895663864,0.19468019867244823
Nottingham Forest,Bournemouth,0.4214501745451014,0.2219707874042779,0.35657903805062074
Sunderland,Chelsea,0.08738355332554613,0.14211441774963932,0.7705020289248146
Tottenham Hotspur,Everton,0.40710175953381467,0.21779291477483098,0.3751053256913544
West Ham,Leeds,0.49516612331697973,0.19596318325193013,0.30887069343108997
