home_team,away_team,home_win_prob,draw_prob,away_win_prob
Manchester United,Fulham,0.3357420322466755,0.2364828773282205,0.42777509042510414
Ipswich,Liverpool,0.03746784622519903,0.057107981873559886,0.905424171901241
Arsenal,Wolverhampton Wanderers,0.5112822616715702,0.2035910691587713,0.2851266691696586
Everton,Brighton,0.44658410623541717,0.24262419960589576,0.3107916941586871
Newcastle United,Southampton,0.8692903717580514,0.08392403439781822,0.046785593844130315
Nottingham Forest,Bournemouth,0.4847185713370573,0.20276092050965125,0.3125205081532914
West Ham,Aston Villa,0.26627759592744316,0.22456233108163307,0.5091600729909238
Brentford,Crystal Palace,0.5989648182901046,0.20039214020079074,0.2006430415091047
Chelsea,Manchester City,0.3138696714115727,0.19753276895037672,0.4885975596380504
Leicester,Tottenham Hotspur,0.15638474955255252,0.1644472483940761,0.6791680020533712
Brighton,Manchester United,0.42540064203804834,0.24087081130160481,0.33372854666034685
Crystal Palace,West Ham,0.4120445651485826,0.26110797579684997,0.32684745905456747
Fulham,Leicester,0.6291174566365224,0.19023200770090817,0.1806505356625695
Manchester City,Ipswich,0.8834861157703036,0.07227975351949449,0.044234130710201894
Southampton,Nottingham Forest,0.09178236298868521,0.13312763236696715,0.7750900046443477
Tottenham Hotspur,Everton,0.5095912688900633,0.2177956951393066,0.27261303597063
Aston Villa,Arsenal,0.2526894959927607,0.21443497209622572,0.5328755319110134
Bournemouth,Newcastle United,0.30040661903087473,0.191576327242782,0.5080170537263432
Wolverhampton Wanderers,Chelsea,0.3891978326950858,0.1937707575833527,0.41703140972156155
Liverpool,Brentford,0.7223752073736651,0.13543458674755146,0.1421902058787834
Arsenal,Brighton,0.6678455663096834,0.1791707762496938,0.15298365744062264
Brentford,Southampton,0.8151742423674647,0.11568901079440906,0.06913674683812623
Everton,Bournemouth,0.37994615676880933,0.24297195153093065,0.3770818917002601
Ipswich,Fulham,0.22811489382730407,0.18542120664389136,0.5864638995288046
Leicester,Aston Villa,0.20112336879467585,0.2000977858443314,0.5987788453609925
Nottingham Forest,Wolverhampton Wanderers,0.3761147824697341,0.19202069292532944,0.43186452460493635
West Ham,Manchester City,0.10282824624467489,0.13815068413006637,0.7590210696252588
Chelsea,Crystal Palace,0.6812023174493508,0.1752974514763786,0.1435002310742706
Newcastle United,Tottenham Hotspur,0.4965864331898226,0.18271965040349944,0.32069391640667794
Manchester United,Liverpool,0.0969951981027865,0.12710805601730096,0.7758967458799126
Southampton,Manchester United,0.18370777878240352,0.22632393563039657,0.5899682855872
Brighton,Ipswich,0.5775318929996366,0.19271365962830414,0.22975444737205933
Crystal Palace,Leicester,0.49173636845706414,0.24698046714198293,0.26128316440095284
Fulham,West Ham,0.5408142079340781,0.21595805337668342,0.2432277386892384
Liverpool,Nottingham Forest,0.7292510545372812,0.13254620059791264,0.13820274486480627
Manchester City,Brentford,0.6465223533602269,0.16624479353465574,0.18723285310511747
Aston Villa,Everton,0.4430199809296406,0.2424540263030428,0.3145259927673166
Bournemouth,Chelsea,0.2729981760057428,0.19865718222528522,0.5283446417689719
Tottenham Hotspur,Arsenal,0.2978652038952343,0.20726947501402254,0.494865321090743
Wolverhampton Wanderers,Newcastle United,0.4276650443031652,0.18332042047905497,0.3890145352177798
West Ham,Chelsea,0.16204458800625524,0.1757826743683991,0.6621727376253458
Aston Villa,Wolverhampton Wanderers,0.3247976282613035,0.20098750606614607,0.4742148656725505
Fulham,Newcastle United,0.28224028195807216,0.18683590404149186,0.5309238140004361
Leicester,Everton,0.23678646983390667,0.23657923489053415,0.5266342952755592
Liverpool,Bournemouth,0.7646619036721464,0.12484573466780767,0.11049236166004592
Southampton,Ipswich,0.26568261325365633,0.22274390514822134,0.5115734815981222
Tottenham Hotspur,Brentford,0.4339074715808175,0.19625099221587974,0.3698415362033026
Crystal Palace,Manchester United,0.3641212912869984,0.26728845487874475,0.36859025383425686
Brighton,Nottingham Forest,0.29092303553671456,0.20184718497681772,0.5072297794864677
Manchester City,Arsenal,0.48826825146052233,0.21444513095934442,0.2972866175801332
Newcastle United,Manchester City,0.278005667132524,0.18026310126012596,0.5417312316073501
Arsenal,Leicester,0.7875109390093374,0.1331715707281954,0.07931749026246704
Brentford,West Ham,0.629915374195373,0.18609504644729846,0.1839895793573284
Chelsea,Brighton,0.6595696192139822,0.17005808353342752,0.17037229725259034
Everton,Crystal Palace,0.47721597584405406,0.26019100594424943,0.2625930182116968
Nottingham Forest,Fulham,0.5074079747257054,0.19870923697322926,0.29388278830106523
Wolverhampton Wanderers,Liverpool,0.22043978731382535,0.15748877585162405,0.6220714368345506
Ipswich,Aston Villa,0.20561228727119202,0.18104735436963243,0.6133403583591753
Manchester United,Tottenham Hotspur,0.26202705529787146,0.21118952341675576,0.5267834212853726
Bournemouth,Southampton,0.752496301545793,0.1507439211427523,0.09675977731145473
Crystal Palace,Liverpool,0.08443952359978069,0.1193730965947395,0.7961873798054798
Arsenal,Southampton,0.8620884498130768,0.09609297610990673,0.04181857407701646
Brentford,Wolverhampton Wanderers,0.3817719051009733,0.19328443362665912,0.42494366127236755
Leicester,Bournemouth,0.2078630139254079,0.2007203959219928,0.5914165901525992
Manchester City,Fulham,0.7140337663724551,0.14972027392803794,0.13624595969950712
West Ham,Ipswich,0.48602889346621525,0.2203913915460804,0.2935797149877044
Everton,Newcastle United,0.27600848123892546,0.20910299896512413,0.5148885197959504
Aston Villa,Manchester United,0.5061686976183013,0.23015546895383415,0.2636758334278646
Chelsea,Nottingham Forest,0.5376065827579332,0.1889450485678583,0.27344836867420863
Brighton,Tottenham Hotspur,0.2798580307626698,0.19761601724466038,0.5225259519926698
Tottenham Hotspur,West Ham,0.6369225627137964,0.18191121616203637,0.1811662211241672
Fulham,Aston Villa,0.3894575072403012,0.21905461545209048,0.39148787730760826
Manchester United,Brentford,0.26799882545376474,0.21632492755047422,0.515676246995761
Newcastle United,Brighton,0.6420664296097862,0.1670260759791446,0.19090749441106916
Southampton,Leicester,0.2763074412730825,0.248694710789216,0.4749978479377017
Ipswich,Everton,0.2463092270175084,0.2147548892843966,0.538935883698095
Bournemouth,Arsenal,0.24601285721437585,0.21001293557344614,0.543974207212178
Wolverhampton Wanderers,Manchester City,0.27649721046140147,0.181850957738796,0.5416518317998026
Liverpool,Chelsea,0.6206838650464368,0.16546149610597813,0.213854638847585
Nottingham Forest,Crystal Palace,0.5954016426581162,0.2004082352890894,0.20419012205279433
Leicester,Nottingham Forest,0.1651103368039272,0.1708904022139461,0.6639992609821267
Aston Villa,Bournemouth,0.42596039152828524,0.22052270637492433,0.3535169020967905
Brentford,Ipswich,0.734558642455378,0.13756976062214418,0.1278715969224778
Brighton,Wolverhampton Wanderers,0.24502352673364491,0.18679909228922598,0.5681773809771289
Manchester City,Southampton,0.9203740352595948,0.05639936710330702,0.023226597637098167
Everton,Fulham,0.3984164746278514,0.24113477921176799,0.3604487461603806
Chelsea,Newcastle United,0.4697585549794391,0.18939208386819076,0.34084936115237013
Crystal Palace,Tottenham Hotspur,0.23620151085661975,0.20812312885424925,0.5556753602891309
West Ham,Manchester United,0.35161826855523254,0.2568514763945959,0.3915302550501715
Arsenal,Liverpool,0.29688770728316355,0.20014281487443597,0.5029694778424005
Newcastle United,Arsenal,0.3513928386553068,0.20578016905719265,0.4428269922875006
Bournemouth,Manchester City,0.18476154546221457,0.1717186747666484,0.6435197797711368
Ipswich,Leicester,0.430947387659548,0.22115428265215023,0.34789832968830164
Liverpool,Brighton,0.8231302337768029,0.10112453135229103,0.07574523487090609
Nottingham Forest,West Ham,0.6263930281677632,0.18626496702548104,0.1873420048067556
Southampton,Everton,0.1501686401554405,0.2112448062614617,0.6385865535830978
Wolverhampton Wanderers,Crystal Palace,0.6600309050256701,0.17616387560196525,0.16380521937236475
Tottenham Hotspur,Aston Villa,0.4816948171030626,0.2032580479709085,0.3150471349260287
Manchester United,Chelsea,0.19865574337423464,0.19698659216895412,0.6043576644568113
Fulham,Brentford,0.34253210056139244,0.20505890577390432,0.4524089936647032
Brentford,Bournemouth,0.489572144470572,0.20325839819874314,0.3071694573306848
Crystal Palace,Fulham,0.30685099053282927,0.23735677023596347,0.45579223923120726
West Ham,Everton,0.29969230106447475,0.2560011659107694,0.444306533024756
Wolverhampton Wanderers,Southampton,0.8596397624861706,0.08999168273918155,0.050368554774648036
Brighton,Manchester City,0.13568086087995596,0.14990018844972716,0.7144189506703169
Liverpool,Aston Villa,0.7520761577420311,0.13054185179974617,0.11738199045822269
Manchester United,Leicester,0.5255152572609567,0.2364506648891479,0.23803407784989541
Nottingham Forest,Newcastle United,0.3593799269185653,0.18743514284947288,0.4531849302319618
Tottenham Hotspur,Ipswich,0.7429220687924464,0.13301444492083972,0.12406348628671393
Chelsea,Arsenal,0.382863314427217,0.21966063846455086,0.3974760471082322
Leicester,Chelsea,0.11144902743073355,0.14151865750521242,0.7470323150640539
Arsenal,Nottingham Forest,0.558654484657285,0.19952851720955198,0.241816998133163
Aston Villa,Crystal Palace,0.5330132827394225,0.22801036033916536,0.238976356921412
Bournemouth,Brighton,0.49328931236970663,0.21457208187153026,0.29213860575876305
Everton,Brentford,0.3290299042220196,0.2288208706275554,0.4421492251504251
Fulham,Wolverhampton Wanderers,0.2980552915489816,0.1934881015098075,0.5084566069412109
Manchester City,Tottenham Hotspur,0.6440976072243257,0.1647103846794208,0.1911920080962535
Southampton,Liverpool,0.018897097016662454,0.042136124268144996,0.9389667787151925
Ipswich,Manchester United,0.297671433105717,0.22240380616825417,0.4799247607260288
Newcastle United,West Ham,0.7008224697500539,0.15616723217784123,0.1430102980721048
Brighton,Southampton,0.685393784060031,0.18139223592371317,0.13321398001625584
Brentford,Leicester,0.7164910710101856,0.1544212902490054,0.12908763874080914
Crystal Palace,Newcastle United,0.19377275522230272,0.18565610073962235,0.620571144038075
Nottingham Forest,Ipswich,0.7314157967371887,0.13811450442206744,0.13046969884074386
Wolverhampton Wanderers,Bournemouth,0.5539763374969537,0.18716759635106855,0.2588560661519775
West Ham,Arsenal,0.14909259442715744,0.18606512306626494,0.6648422825065776
Chelsea,Aston Villa,0.5725831476383387,0.1926066819344253,0.23481017042723606
Manchester United,Everton,0.3393460660447175,0.2660634963216786,0.39459043763360396
Tottenham Hotspur,Fulham,0.5178566320662119,0.19581743838048968,0.28632592955329844
Liverpool,Manchester City,0.49387509674614044,0.18727470436486163,0.3188501988889978
Ipswich,Crystal Palace,0.32549373458794495,0.22989172373672928,0.4446145416753256
Leicester,West Ham,0.32718973943809765,0.24580244519639213,0.42700781536551013
Everton,Wolverhampton Wanderers,0.28988958652180075,0.2162781112146972,0.49383230226350194
Manchester City,Nottingham Forest,0.6535051987769995,0.16351006905768006,0.1829847321653205
Newcastle United,Liverpool,0.22172074346790255,0.15613351314385593,0.6221457433882415
Southampton,Chelsea,0.058792475364858994,0.10258201245213247,0.8386255121830087
Arsenal,Manchester United,0.661466373345127,0.19277894716216698,0.14575467949270604
Aston Villa,Brentford,0.36902760792790934,0.21070417549850556,0.42026821657358515
Fulham,Brighton,0.47581857173331704,0.2151086374505561,0.30907279081612693
Bournemouth,Tottenham Hotspur,0.35443387934857473,0.20438030448886446,0.44118581616256086
Aston Villa,Southampton,0.7560054689813778,0.15019485827893078,0.09379967273969152
Brentford,Newcastle United,0.36516790897091495,0.18882663758933282,0.4460054534397522
Crystal Palace,Manchester City,0.11618336858525265,0.15507805932028668,0.7287385720944605
Manchester United,Nottingham Forest,0.2720236791202891,0.21587668237929222,0.5120996385004186
Fulham,Arsenal,0.23191380144841073,0.20382204136066553,0.5642641571909239
Ipswich,Bournemouth,0.21293247510041832,0.18189072118312768,0.6051768037164539
Leicester,Brighton,0.2653252929381782,0.22100085212819692,0.5136738549336248
Tottenham Hotspur,Chelsea,0.3334784669202185,0.19510115687383964,0.47142037620594196
West Ham,Wolverhampton Wanderers,0.18934274232064183,0.1803568553383585,0.6303004023409998
Everton,Liverpool,0.13611925532615038,0.15554776244138524,0.7083329822324645
Arsenal,Everton,0.5999226059341731,0.21688161421221552,0.18319577985361132
Liverpool,Fulham,0.7844345730761692,0.1163310025230259,0.0992344244008049
Newcastle United,Leicester,0.7834506030921942,0.12206284094177143,0.09448655596603446
Wolverhampton Wanderers,Ipswich,0.7910079551112916,0.11246344828052803,0.0965285966081804
Nottingham Forest,Aston Villa,0.47194466561759746,0.20572494163121216,0.32233039275119035
Brighton,Crystal Palace,0.4528481831331577,0.24204656520242837,0.30510525166441393
Manchester City,Manchester United,0.7488430589484991,0.14652759469777973,0.10462934635372102
Chelsea,Brentford,0.5308714735049156,0.1909708740644798,0.27815765243060475
Southampton,Tottenham Hotspur,0.08565718595811239,0.1260308974391195,0.7883119166027681
Bournemouth,West Ham,0.5566722153504945,0.21401400887218208,0.2293137757773235
Aston Villa,Manchester City,0.1917091031792916,0.17674659497832582,0.6315443018423826
Brentford,Nottingham Forest,0.4356389888611304,0.1976522992531535,0.36670871188571624
Ipswich,Newcastle United,0.11695029543295254,0.12097471797376216,0.7620749865932855
West Ham,Brighton,0.3379127651625825,0.2364602417634973,0.42562699307392027
Crystal Palace,Arsenal,0.16278117675978543,0.20308014350024198,0.6341386797399726
Everton,Chelsea,0.2526188914822651,0.21727149975973767,0.5301096087579974
Fulham,Southampton,0.740603639199622,0.15527634878656132,0.10412001201381678
Leicester,Wolverhampton Wanderers,0.1315068990791418,0.14794515812414366,0.7205479427967145
Manchester United,Bournemouth,0.31837779323625287,0.23643917508767337,0.4451830316760737
Tottenham Hotspur,Liverpool,0.17823597948098738,0.14731277767202633,0.6744512428469861
Manchester City,Everton,0.6882409460648575,0.17319722109249575,0.1385618328426467
Bournemouth,Crystal Palace,0.5273929595212451,0.22705329562388532,0.2455537448548697
Chelsea,Fulham,0.6084923176108977,0.18166194088284715,0.2098457415062552
Newcastle United,Aston Villa,0.5489031076589934,0.18744420564387546,0.2636526866971312
Nottingham Forest,Tottenham Hotspur,0.4180029100562456,0.19515268005804057,0.38684440988571384
Southampton,West Ham,0.21607092120410085,0.2355913372022254,0.5483377415936739
Wolverhampton Wanderers,Manchester United,0.633626131388119,0.1821118076722969,0.1842620609395842
Liverpool,Leicester,0.91049797014386,0.05854339119913219,0.030958638657007667
Brighton,Brentford,0.2864712687306826,0.20225557248841855,0.5112731587808989
Arsenal,Ipswich,0.810729987968753,0.11401928585843614,0.07525072617281083
Leicester,Manchester City,0.06596234658327944,0.10281049578118566,0.831227157635535
Crystal Palace,Southampton,0.6053991552472409,0.2272741723936333,0.16732667235912588
Everton,Nottingham Forest,0.33365355964758797,0.22793768295794792,0.4384087573944642
Fulham,Bournemouth,0.40071889896147667,0.21718785234257576,0.38209324869594763
Tottenham Hotspur,Wolverhampton Wanderers,0.38542664161463724,0.1908715554437759,0.4237018029415869
West Ham,Liverpool,0.07234274546069666,0.10336990035635896,0.8242873541829444
Aston Villa,Brighton,0.5004180220126393,0.21560786507891944,0.2839741129084414
Ipswich,Chelsea,0.10803269580203866,0.1237056103196846,0.7682616938782768
Manchester United,Newcastle United,0.21709312573101855,0.1907831163760376,0.5921237578929438
Brentford,Arsenal,0.2969340885127919,0.2098169002734552,0.49324901121375303
Tottenham Hotspur,Newcastle United,0.36864027039395014,0.18652257721933724,0.44483715238671256
Aston Villa,Leicester,0.6495557042288939,0.18648662916425088,0.16395766660685526
Bournemouth,Everton,0.4369539353328185,0.2404778056490905,0.3225682590180909
Crystal Palace,Chelsea,0.17778431330986053,0.19160159369361235,0.630614092996527
Manchester City,West Ham,0.7981225012445454,0.1222015036110084,0.07967599514444634
Southampton,Brentford,0.09039298565320933,0.13287167286472865,0.776735341482062
Brighton,Arsenal,0.19044588810310498,0.19374412299802252,0.6158099888988724
Fulham,Ipswich,0.642960494475161,0.17260779347354901,0.18443171205128986
Liverpool,Manchester United,0.813714945404934,0.1111039086492057,0.07518114594586014
Wolverhampton Wanderers,Nottingham Forest,0.5002973588762955,0.1862079723486512,0.31349466877505333
Brentford,Manchester City,0.2290149718868238,0.1777002851298575,0.5932847429833187
West Ham,Fulham,0.2908168476534223,0.22571921551759702,0.4834639368289809
Chelsea,Bournemouth,0.5859197874046282,0.18818744700415252,0.22589276559121918
Nottingham Forest,Liverpool,0.17363349156365043,0.14661168526129176,0.6797548231750578
Everton,Aston Villa,0.3698195105613312,0.24498696502977144,0.3851935244088973
Leicester,Crystal Palace,0.3080519197316636,0.25244192862516324,0.43950615164317314
Newcastle United,Wolverhampton Wanderers,0.4523178120207733,0.18370956465870958,0.3639726233205171
Arsenal,Tottenham Hotspur,0.5488852169861431,0.19966856204424535,0.25144622096961156
Ipswich,Brighton,0.2765946419242028,0.20162845640291918,0.5217769016728782
Manchester United,Southampton,0.6386041464653442,0.2120461108025659,0.1493497427320898
Newcastle United,Bournemouth,0.5627230323840082,0.1835160019368201,0.2537609656791716
Brentford,Liverpool,0.17849531200118554,0.1494869279938475,0.672017760004967
Leicester,Fulham,0.22170143264251216,0.2040903938984536,0.5742081734590342
West Ham,Crystal Palace,0.3769915405224092,0.261564369702282,0.3614440897753086
Arsenal,Aston Villa,0.5875725075251262,0.20346058365141403,0.20896690882345975
Everton,Tottenham Hotspur,0.32344913821136806,0.22442395192347567,0.45212690986515625
Manchester United,Brighton,0.3835919052669409,0.24319638415197375,0.3732117105810853
Nottingham Forest,Southampton,0.8134957664632827,0.1160919839697898,0.07041224956692747
Ipswich,Manchester City,0.06069628716249324,0.08605318648377484,0.8532505263537318
Chelsea,Wolverhampton Wanderers,0.48504178917729146,0.19155732052006214,0.32340089030264646
Bournemouth,Nottingham Forest,0.36600300124682483,0.20719688566497782,0.4268001130881973
Brighton,Everton,0.3659579252128775,0.24591080744975008,0.38813126733737224
Liverpool,Ipswich,0.927656563725598,0.04597320392472651,0.026370232349675518
Southampton,Newcastle United,0.061780082553453936,0.09813450176414458,0.8400854156824016
Wolverhampton Wanderers,Arsenal,0.3496870487036105,0.20763121636378246,0.4426817349326069
Manchester City,Chelsea,0.5440899125766965,0.1909640861916285,0.26494600123167517
Crystal Palace,Brentford,0.2421126850683894,0.21365637810140184,0.5442309368302087
Tottenham Hotspur,Leicester,0.7243664878557495,0.14975682717567057,0.12587668496857984
Aston Villa,West Ham,0.5625539839708824,0.21456846157614445,0.2228775544529731
Fulham,Manchester United,0.48439556379856835,0.22963953981044574,0.2859648963909858
Nottingham Forest,Brighton,0.5634638854745688,0.19251310136658034,0.2440230131588508
Bournemouth,Liverpool,0.14058514564489888,0.1401405704455783,0.7192742839095226
Everton,Leicester,0.5851495596913683,0.22319085831232943,0.19165958199630242
Ipswich,Southampton,0.566512592118388,0.21113605849900682,0.22235134938260523
Newcastle United,Fulham,0.5865321276181062,0.1776898464831284,0.23577802589876543
Wolverhampton Wanderers,Aston Villa,0.5406971142077743,0.19091658894625402,0.26838629684597154
Brentford,Tottenham Hotspur,0.4234998525568182,0.19609181120826466,0.3804083362349172
Manchester United,Crystal Palace,0.41866631721913666,0.2650767034642218,0.3162569793166416
Arsenal,Manchester City,0.34713606536945296,0.21914971293597954,0.43371422169456736
Chelsea,West Ham,0.7121914671717948,0.15917752745887465,0.12863100536933045
Brighton,Chelsea,0.20970374967311822,0.18393375526954922,0.6063624950573326
Leicester,Arsenal,0.10443183645306799,0.15074903352748115,0.744819130019451
Aston Villa,Ipswich,0.665947843496271,0.16812430165917955,0.16592785484454955
Fulham,Nottingham Forest,0.34766386026673723,0.2043153572591715,0.44802078247409116
Manchester City,Newcastle United,0.5933698946838376,0.17209242254026938,0.23453768277589296
Southampton,Bournemouth,0.12332949295615105,0.1680920378571154,0.7085784691867335
West Ham,Brentford,0.2250508349275035,0.19998215345996895,0.5749670116125275
Crystal Palace,Everton,0.3124473780836105,0.2683903914577363,0.4191622304586531
Liverpool,Wolverhampton Wanderers,0.6841418172616957,0.14389403245741547,0.17196415028088874
Tottenham Hotspur,Manchester United,0.5776823922680223,0.20092480758163664,0.2213928001503411
Leicester,Brentford,0.16251338922236536,0.1707180575211131,0.6667685532565215
Everton,Manchester United,0.4527579055884882,0.2601806480209786,0.28706144639053327
Arsenal,West Ham,0.7138930412046877,0.16905077013144582,0.11705618866386654
Bournemouth,Wolverhampton Wanderers,0.31612940776413107,0.19778415150528464,0.4860864407305843
Fulham,Crystal Palace,0.5120647868480462,0.2283408941193323,0.2595943190326214
Ipswich,Tottenham Hotspur,0.15610276109399193,0.1471100529252999,0.6967871859807081
Southampton,Brighton,0.16498583826611768,0.19708737760450545,0.6379267841293769
Aston Villa,Chelsea,0.28089824834703697,0.20254353662691474,0.5165582150260484
Newcastle United,Nottingham Forest,0.5089283238474561,0.18310208993883167,0.3079695862137123
Manchester City,Liverpool,0.3684911900183356,0.19149224787146282,0.44001656211020174
Brighton,Bournemouth,0.3422371982432466,0.21991905641796872,0.4378437453387846
Wolverhampton Wanderers,Fulham,0.5770738499414292,0.18164191466665583,0.2412842353919151
Crystal Palace,Aston Villa,0.28197400116016536,0.23723320968663206,0.48079278915320256
Chelsea,Southampton,0.869549086157677,0.08697144142621693,0.043479472416106
Brentford,Everton,0.5048196638111777,0.22119874577675697,0.2739815904120654
Nottingham Forest,Arsenal,0.2920074477204326,0.20776174000274208,0.5002308122768253
Tottenham Hotspur,Manchester City,0.2292215812440165,0.17537381655999235,0.5954046021959911
Manchester United,Ipswich,0.5354869418654007,0.21587591212398693,0.2486371460106123
Liverpool,Newcastle United,0.6725621429340021,0.14477509292873006,0.18266276413726798
West Ham,Leicester,0.4809744599229433,0.24058115559157217,0.2784443844854847
Nottingham Forest,Manchester City,0.22396959068977568,0.1751264834502227,0.6009039258600016
Brighton,Fulham,0.36136815535029426,0.21962736413456066,0.419004480515145
Crystal Palace,Ipswich,0.4995153993382321,0.2257595732563866,0.27472502740538146
Liverpool,Southampton,0.953313183061332,0.033548664194510275,0.013138152744157772
Brentford,Aston Villa,0.47680309893191797,0.20631298097017894,0.3168839200979031
Wolverhampton Wanderers,Everton,0.5665613852717744,0.20202576109647968,0.23141285363174602
Chelsea,Leicester,0.7899197841693071,0.1243994034327867,0.08568081239790631
Tottenham Hotspur,Bournemouth,0.4947720552987491,0.20014490893032028,0.3050830357709306
Manchester United,Arsenal,0.18107669711843652,0.20851003994934011,0.6104132629322233
West Ham,Newcastle United,0.17634009305670872,0.17078248805303023,0.6528774188902611
Aston Villa,Liverpool,0.1472950598469932,0.14544839556230932,0.7072565445906975
Everton,West Ham,0.5038955600814715,0.24720497828674995,0.2488994616317786
Ipswich,Nottingham Forest,0.16564977611700063,0.1533211051953066,0.6810291186876929
Manchester City,Brighton,0.757528212537244,0.1349382404514031,0.10753354701135294
Southampton,Wolverhampton Wanderers,0.06947302898379973,0.10863128383267169,0.8218956871835286
Bournemouth,Brentford,0.36067571831107226,0.20808791242641184,0.43123636926251585
Arsenal,Chelsea,0.45538697281130025,0.21789529327405335,0.32671773391464637
Fulham,Tottenham Hotspur,0.3360160590758145,0.2011675733481254,0.4628163675760602
Leicester,Manchester United,0.28327732908908515,0.2441346003745878,0.47258807053632707
Newcastle United,Crystal Palace,0.668978481539017,0.17145358024105042,0.15956793821993268
Arsenal,Fulham,0.6216181621575054,0.1912928806679432,0.18708895717455135
Wolverhampton Wanderers,West Ham,0.6907568518727405,0.16133880892310482,0.14790433920415472
Nottingham Forest,Manchester United,0.5677823421805372,0.2046496097196573,0.22756804809980538
Bournemouth,Ipswich,0.6596668421115873,0.1687305590388782,0.17160259884953458
Brighton,Aston Villa,0.33208892746046775,0.2209871547248149,0.44692391781471724
Manchester City,Leicester,0.8625455173361996,0.08814435191891067,0.0493101307448898
Newcastle United,Brentford,0.5020548916292121,0.18482774881623482,0.3131173595545531
Southampton,Crystal Palace,0.20375539644423837,0.24005097134214093,0.5561936322136207
Liverpool,Everton,0.7575881775937665,0.13780095779902896,0.10461086460720462
Chelsea,Tottenham Hotspur,0.5264135006036231,0.18891544253232215,0.28467105686405475
Everton,Arsenal,0.22948461066534104,0.23069535926968104,0.5398200300649779
Crystal Palace,Brighton,0.35292967890186355,0.24661527800648617,0.4004550430916503
Ipswich,Wolverhampton Wanderers,0.12920123286727037,0.13093476392586562,0.7398640032068642
West Ham,Bournemouth,0.27460473766780297,0.22426126964649218,0.5011339926857048
Aston Villa,Nottingham Forest,0.3744411873274304,0.20972762615311222,0.4158311865194573
Brentford,Chelsea,0.3312076469827551,0.19745929467859952,0.47133305833864536
Fulham,Liverpool,0.12826614238597692,0.13198455225191108,0.739749305362112
Tottenham Hotspur,Southampton,0.8228067977892566,0.11070544070262418,0.06648776150811926
Manchester United,Manchester City,0.13142098916142794,0.16230869037388215,0.7062703204646898
Leicester,Newcastle United,0.12012950556176209,0.13750873425001003,0.7423617601882277
Manchester City,Crystal Palace,0.7690191743398264,0.13905490960864084,0.09192591605153286
Brighton,Leicester,0.567324446349578,0.2109643454113834,0.22171120823903856
Nottingham Forest,Everton,0.5006722733627003,0.22072841372853733,0.2785993129087624
Southampton,Aston Villa,0.11919947262222001,0.16687611974566557,0.7139244076321146
Arsenal,Brentford,0.5520945881376051,0.20188695702027423,0.24601845484212054
Chelsea,Ipswich,0.8109387753183025,0.10743271077434176,0.0816285139073558
Liverpool,West Ham,0.8572839407742961,0.08826392148695138,0.05445213773875247
Wolverhampton Wanderers,Tottenham Hotspur,0.4880261075255243,0.1856976693751506,0.3262762230993252
Newcastle United,Manchester United,0.6423291459306112,0.177691956442556,0.17997889762683283
Bournemouth,Fulham,0.4392869978910286,0.21612887116124327,0.34458413094772816
Brentford,Brighton,0.5677847583819338,0.19256167477220978,0.2396535668458566
Crystal Palace,Bournemouth,0.2905224362491584,0.2365495596643451,0.47292800408649643
Everton,Manchester City,0.1755494589030546,0.1891141226099745,0.635336418486971
West Ham,Southampton,0.5995504773987994,0.22250733711821213,0.17794218548298846
Aston Villa,Newcastle United,0.3092739807153021,0.1949768359475744,0.49574918333712364
Fulham,Chelsea,0.256690876313313,0.1931894809169649,0.5501196427697221
Ipswich,Arsenal,0.10112818661041216,0.13099698544272834,0.7678748279468592
Manchester United,Wolverhampton Wanderers,0.23056117524695544,0.19946678772525211,0.5699720370277926
Leicester,Liverpool,0.042751474098663846,0.07098613395618646,0.8862623919451494
Tottenham Hotspur,Nottingham Forest,0.44019766832006235,0.1949431341293062,0.36485919755063145
Manchester City,Aston Villa,0.6796946802456402,0.16358769191644557,0.15671762783791435
Arsenal,Crystal Palace,0.6833477678558137,0.18644690432931693,0.13020532781486938
Chelsea,Everton,0.5915583748524192,0.20414280169793397,0.2042988234496469
Brighton,West Ham,0.4796512933503163,0.23117220198648858,0.28917650466319517
Newcastle United,Ipswich,0.8031305214641373,0.10628040240919027,0.09058907612667234
Southampton,Fulham,0.13251639579139854,0.1730493474892753,0.694434256719326
Wolverhampton Wanderers,Leicester,0.7724907643074796,0.12804152465603658,0.09946771103648364
Bournemouth,Manchester United,0.5001650722377651,0.228966023580447,0.270868904181788
Liverpool,Tottenham Hotspur,0.7206259039385596,0.13431307737482487,0.14506101868661544
Nottingham Forest,Brentford,0.4241378873301168,0.19804060207313443,0.3778215105967486
Manchester City,Wolverhampton Wanderers,0.6059507711268652,0.17226234690858938,0.22178688196454552
Aston Villa,Fulham,0.44694296823615415,0.2177674900841078,0.33528954167973807
Everton,Ipswich,0.5996355830876093,0.2025666650705507,0.19779775184183987
Leicester,Southampton,0.5276426103304255,0.23933523213140942,0.23302215753816505
Arsenal,Bournemouth,0.600392931800033,0.19850150469852437,0.20110556350144254
Brentford,Manchester United,0.5716250768272416,0.20474158078106058,0.22363334239169785
Brighton,Newcastle United,0.23013607356187835,0.17874568770949673,0.591118238728625
West Ham,Tottenham Hotspur,0.21879134736475064,0.19436305703827333,0.586845595596976
Chelsea,Liverpool,0.25918587268048343,0.17605723578618573,0.5647568915333308
Crystal Palace,Nottingham Forest,0.24576863940761812,0.21333609830066422,0.5408952622917177
Fulham,Everton,0.4215361861874512,0.23956125039696635,0.33890256341558234
Ipswich,Brentford,0.16287061020084684,0.15301455814943177,0.6841148316497215
Southampton,Manchester City,0.03230943259408155,0.0679800091517373,0.8997105582541811
Wolverhampton Wanderers,Brighton,0.6318779793972276,0.17162233393220433,0.19649968667056816
Bournemouth,Aston Villa,0.4068111848582611,0.2207770831025721,0.37241173203916667
Newcastle United,Chelsea,0.394193833532069,0.1917338855236986,0.4140722809442325
Manchester United,West Ham,0.4436204622850679,0.25406923441671786,0.30231030329821423
Nottingham Forest,Leicester,0.7136284356016356,0.1548381443450985,0.13153342005326585
Tottenham Hotspur,Crystal Palace,0.6053609356485005,0.1963535812991356,0.19828548305236376
Liverpool,Arsenal,0.559853100083861,0.19106168605530086,0.2490852138608381
Chelsea,Manchester United,0.6568678443865839,0.18170284545984025,0.16142931015357587
Everton,Southampton,0.6902727577111126,0.1924771171673462,0.11725012512154105
Aston Villa,Tottenham Hotspur,0.36301086194365784,0.2070564168137426,0.4299327212425997
West Ham,Nottingham Forest,0.228528557930222,0.19983263250159855,0.5716388095681795
Brentford,Fulham,0.512187468408875,0.19905806091500697,0.2887544706761181
Crystal Palace,Wolverhampton Wanderers,0.2066213988725319,0.19499239044879305,0.5983862106786751
Leicester,Ipswich,0.4015706161441871,0.22322839671830774,0.3752009871375051
Arsenal,Newcastle United,0.4982007252139621,0.20171302076169204,0.30008625402434597
Manchester City,Bournemouth,0.6928572893633675,0.1580213097249706,0.14912140091166187
Brighton,Liverpool,0.09828831578218032,0.11621712835411323,0.7854945558637064
Bournemouth,Leicester,0.644245462600285,0.18669754540169928,0.1690569919980157
Fulham,Manchester City,0.171274753006662,0.1641525548100771,0.6645726921832609
Ipswich,West Ham,0.34613908194745435,0.22401164279605948,0.4298492752564861
Liverpool,Crystal Palace,0.8313798797994396,0.10359791546223035,0.06502220473832997
Manchester United,Aston Villa,0.3091593703672989,0.23747275617185826,0.45336787346084306
Newcastle United,Everton,0.5733066241643304,0.19850410082021325,0.22818927501545636
Nottingham Forest,Chelsea,0.3257858208083553,0.19575320953224676,0.4784609696593979
Southampton,Arsenal,0.05723061144140617,0.11231814311425509,0.8304512454443388
Tottenham Hotspur,Brighton,0.5742585773421581,0.1889162013632129,0.23682522129462902
Wolverhampton Wanderers,Brentford,0.49374310926144893,0.1878520178496024,0.3184048728889488
