home_team,away_team,home_win_prob,draw_prob,away_win_prob
Manchester United,Fulham,0.3646192854013091,0.24046575559680294,0.3949149590018881
Ipswich,Liverpool,0.03240578150877868,0.05330418578834846,0.9142900327028729
Arsenal,Wolverhampton Wanderers,0.47161295846597867,0.2111468821889123,0.31724015934510896
Everton,Brighton,0.41552757120146117,0.23583771819797342,0.34863471060056545
Newcastle United,Southampton,0.847096590718458,0.09926323779041983,0.05364017149112235
Nottingham Forest,Bournemouth,0.4841915905634515,0.20513020231783766,0.31067820711871097
West Ham,Aston Villa,0.2784015427622102,0.22899707505096065,0.49260138218682936
Brentford,Crystal Palace,0.6307122898266645,0.19169605632627992,0.17759165384705553
Chelsea,Manchester City,0.21744244545290276,0.20438346215765732,0.57817409238944
Leicester,Tottenham Hotspur,0.16104627364039134,0.16854488845245427,0.6704088379071544
Brighton,Manchester United,0.47040635819191545,0.2324172724871727,0.29717636932091174
Crystal Palace,West Ham,0.40166806588042614,0.2587553032647492,0.3395766308548245
Fulham,Leicester,0.607956878264842,0.20095962734573575,0.19108349438942226
Manchester City,Ipswich,0.8845313918065351,0.07378434016916217,0.04168426802430271
Southampton,Nottingham Forest,0.10745819741766569,0.15200221016766569,0.7405395924146687
Tottenham Hotspur,Everton,0.48748485163433397,0.21520229678694697,0.2973128515787189
Aston Villa,Arsenal,0.2652988078528458,0.21894663947159357,0.5157545526755607
Bournemouth,Newcastle United,0.28174899996568964,0.19478111453116634,0.5234698855031441
Wolverhampton Wanderers,Chelsea,0.5108766414104807,0.20972212548376445,0.27940123310575465
Liverpool,Brentford,0.702399321691197,0.14285810477510127,0.1547425735337018
Arsenal,Brighton,0.6061324102286892,0.19559313800703082,0.19827445176428005
Brentford,Southampton,0.810716192301886,0.12025785079060866,0.06902595690750528
Everton,Bournemouth,0.3977584681702966,0.23583100831304182,0.36641052351666153
Ipswich,Fulham,0.23255207969980077,0.19152584248323884,0.5759220778169604
Leicester,Aston Villa,0.19856268918583908,0.20500799039976325,0.5964293204143976
Nottingham Forest,Wolverhampton Wanderers,0.3559982264252561,0.19812752053392982,0.4458742530408142
West Ham,Manchester City,0.10912878607681864,0.14662630250910538,0.7442449114140761
Chelsea,Crystal Palace,0.5497357757119187,0.2348049129525834,0.21545931133549787
Newcastle United,Tottenham Hotspur,0.529371329411752,0.18417196905523292,0.28645670153301506
Manchester United,Liverpool,0.09217656417783085,0.12214759529388934,0.7856758405282797
Southampton,Manchester United,0.19365739020720502,0.23473668213821255,0.5716059276545824
Brighton,Ipswich,0.6553947964636897,0.17150539000483858,0.1730998135314717
Crystal Palace,Leicester,0.49818051305905103,0.24738657491300584,0.25443291202794327
Fulham,West Ham,0.503192111671401,0.22468865694588216,0.2721192313827167
Liverpool,Nottingham Forest,0.741166880871761,0.12997392858056794,0.1288591905476712
Manchester City,Brentford,0.6079119465257434,0.18174694111908343,0.21034111235517297
Aston Villa,Everton,0.4310562478522663,0.24087711108995422,0.3280666410577794
Bournemouth,Chelsea,0.37043826930798374,0.23263310303524554,0.3969286276567706
Tottenham Hotspur,Arsenal,0.3007231262203784,0.205116805370162,0.4941600684094597
Wolverhampton Wanderers,Newcastle United,0.4211748305761035,0.19382075553699699,0.38500441388689943
West Ham,Chelsea,0.2536728057513425,0.23323211816492392,0.5130950760837337
Aston Villa,Wolverhampton Wanderers,0.30710924577008814,0.20697668791436932,0.4859140663155427
Fulham,Newcastle United,0.24645728234674533,0.18858688454872888,0.5649558331045257
Leicester,Everton,0.22109373881625016,0.2267733445113807,0.5521329166723692
Liverpool,Bournemouth,0.7807963341238776,0.11847968172885229,0.10072398414726982
Southampton,Ipswich,0.30423889459167675,0.236431925243568,0.4593291801647552
Tottenham Hotspur,Brentford,0.3807960379770211,0.19772323989357007,0.42148072212940874
Crystal Palace,Manchester United,0.3564168500076399,0.26433320825704376,0.37924994173531645
Brighton,Nottingham Forest,0.34388808653389047,0.20886821844145667,0.4472436950246528
Manchester City,Arsenal,0.5097776231685502,0.2146953641299932,0.2755270127014565
Newcastle United,Manchester City,0.2935585641676015,0.19487465634146692,0.5115667794909315
Arsenal,Leicester,0.7805504197989768,0.1368611911474915,0.08258838905353172
Brentford,West Ham,0.6495531885563696,0.1801327563255747,0.1703140551180558
Chelsea,Brighton,0.47083476910964867,0.22900276629499172,0.30016246459535967
Everton,Crystal Palace,0.49754198341013967,0.24882246652334036,0.25363555006651994
Nottingham Forest,Fulham,0.5269027706399653,0.20096818129099442,0.27212904806904054
Wolverhampton Wanderers,Liverpool,0.22248075690813734,0.16250038999686367,0.6150188530949988
Ipswich,Aston Villa,0.19382467429547978,0.1812494294948369,0.6249258962096834
Manchester United,Tottenham Hotspur,0.28125554260646163,0.21328305651928486,0.5054614008742535
Bournemouth,Southampton,0.7242872810128688,0.16571822439194772,0.10999449459518373
Crystal Palace,Liverpool,0.07639091720666522,0.11150153175959703,0.8121075510337379
Arsenal,Southampton,0.8332780993931901,0.1138158319687288,0.05290606863808123
Brentford,Wolverhampton Wanderers,0.39849991852155814,0.19972422787147096,0.401775853606971
Leicester,Bournemouth,0.20423890552456953,0.20145769780020903,0.5943033966752215
Manchester City,Fulham,0.7266389296463218,0.15017445926777342,0.12318661108590492
West Ham,Ipswich,0.5214512267025454,0.2146077150603748,0.26394105823707975
Everton,Newcastle United,0.27241005616954067,0.20911487526093653,0.518475068569523
Aston Villa,Manchester United,0.49378846923008546,0.23430750401302894,0.27190402675688546
Chelsea,Nottingham Forest,0.4022370307952215,0.22464054378248272,0.37312242542229584
Brighton,Tottenham Hotspur,0.34569875954939144,0.20380208357090665,0.450499156879702
Tottenham Hotspur,West Ham,0.612532707117047,0.1874277189122663,0.20003957397068656
Fulham,Aston Villa,0.3659170412218402,0.22538614028545825,0.4086968184927017
Manchester United,Brentford,0.24849576842758012,0.21180339990777172,0.5397008316646482
Newcastle United,Brighton,0.5986065946322106,0.18152325739808214,0.21987014796970736
Southampton,Leicester,0.30215428535172906,0.26168951166714804,0.4361562029811229
Ipswich,Everton,0.21904170513259932,0.2016699416702796,0.5792883531971211
Bournemouth,Arsenal,0.2575896144301265,0.21053720184812472,0.531873183721749
Wolverhampton Wanderers,Manchester City,0.2896180231776984,0.19447656555432397,0.5159054112679777
Liverpool,Chelsea,0.7224526629848588,0.14711666907495144,0.13043066794018973
Nottingham Forest,Crystal Palace,0.593033600313663,0.20260050159255907,0.20436589809377773
Leicester,Nottingham Forest,0.1630347797040058,0.1745428303524754,0.6624223899435188
Aston Villa,Bournemouth,0.42495833710278225,0.2237510079058941,0.3512906549913236
Brentford,Ipswich,0.7758997049729904,0.12340973823745853,0.10069055678955104
Brighton,Wolverhampton Wanderers,0.2793965024943604,0.19724871231682878,0.5233547851888108
Manchester City,Southampton,0.8972073005016956,0.07295022644747452,0.029842473050829703
Everton,Fulham,0.4354876136110732,0.23625980509262642,0.3282525812963004
Chelsea,Newcastle United,0.3220632600898517,0.21519495085699014,0.462741789053158
Crystal Palace,Tottenham Hotspur,0.24585717632939985,0.2094159609611478,0.5447268627094521
West Ham,Manchester United,0.35596611721960464,0.25317049550296783,0.3908633872774277
Arsenal,Liverpool,0.26256956180267577,0.19050887071702985,0.5469215674802944
Newcastle United,Arsenal,0.38736977088432106,0.21202864565438467,0.40060158346129426
Bournemouth,Manchester City,0.18219324950130056,0.17597969911930222,0.6418270513793973
Ipswich,Leicester,0.4177238093285244,0.22548818509876994,0.3567880055727056
Liverpool,Brighton,0.7960781195073602,0.11238092503423472,0.09154095545840497
Nottingham Forest,West Ham,0.611177907963942,0.1914755051386625,0.19734658689739543
Southampton,Everton,0.15559909314314754,0.2127355667356181,0.6316653401212344
Wolverhampton Wanderers,Crystal Palace,0.6696292280407314,0.1759060543698821,0.15446471758938637
Tottenham Hotspur,Aston Villa,0.46613881909420923,0.20733427232695417,0.3265269085788364
Manchester United,Chelsea,0.2901022462952771,0.24726273144798058,0.4626350222567424
Fulham,Brentford,0.28814698655952997,0.20291717505827422,0.5089358383821958
Brentford,Bournemouth,0.5268011111565605,0.19937024295002184,0.2738286458934176
Crystal Palace,Fulham,0.3256554612670435,0.24266224353311217,0.43168229519984425
West Ham,Everton,0.3006608819511955,0.24657200852072464,0.45276710952807986
Wolverhampton Wanderers,Southampton,0.8389044308509178,0.1040717572425773,0.05702381190650505
Brighton,Manchester City,0.1684743082486453,0.1704635154670182,0.6610621762843366
Liverpool,Aston Villa,0.7637853039860637,0.1274149899093688,0.10879970610456748
Manchester United,Leicester,0.5419432468391443,0.23355621614074268,0.2245005370201132
Nottingham Forest,Newcastle United,0.33807474164819634,0.1945732233757378,0.4673520349760659
Tottenham Hotspur,Ipswich,0.7449541390020694,0.13329816498894975,0.12174769600898078
Chelsea,Arsenal,0.2927330501585,0.2344417788179817,0.4728251710235184
Leicester,Chelsea,0.18072996261170446,0.20638156733538743,0.6128884700529081
Arsenal,Nottingham Forest,0.5399985360801992,0.20376346234677548,0.2562380015730255
Aston Villa,Crystal Palace,0.5296439758700112,0.23124642477607196,0.23910959935391704
Bournemouth,Brighton,0.4380443855435165,0.2177408440223587,0.3442147704341249
Everton,Brentford,0.31255956294455717,0.22189518862636,0.46554524842908274
Fulham,Wolverhampton Wanderers,0.2621620769186998,0.19466099868607406,0.5431769243952262
Manchester City,Tottenham Hotspur,0.6569599129803684,0.16479861286088354,0.17824147415874805
Southampton,Liverpool,0.02225255632836046,0.049430809369523536,0.9283166343021159
Ipswich,Manchester United,0.27192412083225276,0.2175471877847915,0.5105286913829559
Newcastle United,West Ham,0.6977331479215635,0.160540319483459,0.14172653259497764
Brighton,Southampton,0.706951277463255,0.17362181050610412,0.11942691203064078
Brentford,Leicester,0.74690788489985,0.14445908828264803,0.10863302681750178
Crystal Palace,Newcastle United,0.18262788347772793,0.18706145709461733,0.6303106594276547
Nottingham Forest,Ipswich,0.7415862564838173,0.13689214662300495,0.12152159689317778
Wolverhampton Wanderers,Bournemouth,0.5687975281302258,0.1883463905680564,0.24285608130171776
West Ham,Arsenal,0.16485389856091998,0.19102185475781747,0.6441242466812626
Chelsea,Aston Villa,0.43779738886654007,0.23749064926706562,0.32471196186639434
Manchester United,Everton,0.338437718421147,0.2568422846515586,0.40471999692729443
Tottenham Hotspur,Fulham,0.5258323318784149,0.19707081622824102,0.27709685189334404
Liverpool,Manchester City,0.5043328197194942,0.19004694043929307,0.3056202398412129
Ipswich,Crystal Palace,0.30789180723521453,0.22831984883895864,0.46378834392582696
Leicester,West Ham,0.3094175604705501,0.2442923858308819,0.4462900536985679
Everton,Wolverhampton Wanderers,0.2875841402339398,0.21464017306015762,0.49777568670590244
Manchester City,Nottingham Forest,0.6485920970640603,0.17063690271049117,0.1807710002254486
Newcastle United,Liverpool,0.22695574079315123,0.1634285982465933,0.6096156609602553
Southampton,Chelsea,0.12442671919656705,0.1875642398518856,0.6880090409515474
Arsenal,Manchester United,0.642815870577005,0.19711046085719597,0.16007366856579922
Aston Villa,Brentford,0.3338867060744974,0.21327919290672684,0.45283410101877575
Fulham,Brighton,0.3969090648616438,0.22092927651483538,0.3821616586235207
Bournemouth,Tottenham Hotspur,0.3665618255032637,0.20450835003553866,0.4289298244611975
Aston Villa,Southampton,0.7223510864312676,0.16995434348654312,0.1076945700821894
Brentford,Newcastle United,0.3803061722771145,0.1972706069497612,0.42242322077312416
Crystal Palace,Manchester City,0.11552980802482336,0.15940728361786913,0.7250629083573075
Manchester United,Nottingham Forest,0.28056059099336833,0.21906543236359968,0.5003739766430318
Fulham,Arsenal,0.2271282014284441,0.20372721672708954,0.5691445818444665
Ipswich,Bournemouth,0.1995203844614438,0.17855007393859598,0.6219295415999603
Leicester,Brighton,0.21808031283951204,0.20713665296865014,0.5747830341918377
Tottenham Hotspur,Chelsea,0.4266166404749895,0.21787188554983583,0.35551147397517463
West Ham,Wolverhampton Wanderers,0.1885883057330562,0.18332163130914322,0.6280900629578007
Everton,Liverpool,0.13021674031493596,0.1463600835471317,0.7234231761379324
Arsenal,Everton,0.5826050400686404,0.2153191909179006,0.20207576901345925
Liverpool,Fulham,0.8115195503138536,0.10627369832092497,0.08220675136522149
Newcastle United,Leicester,0.7899404966980825,0.12327988969038467,0.08677961361153297
Wolverhampton Wanderers,Ipswich,0.8078194794577033,0.10841867624084299,0.08376184430145363
Nottingham Forest,Aston Villa,0.4686469089615103,0.21153064768191046,0.3198224433565793
Brighton,Crystal Palace,0.5075426667070118,0.23058259811269083,0.26187473518029725
Manchester City,Manchester United,0.7385793595795992,0.1534763260498513,0.10794431437054959
Chelsea,Brentford,0.3642372410774432,0.22430291879361244,0.4114598401289443
Southampton,Tottenham Hotspur,0.10504102302839058,0.145406247498534,0.7495527294730756
Bournemouth,West Ham,0.5441755184045218,0.21518473386717366,0.2406397477283046
Aston Villa,Manchester City,0.1905291670353392,0.18522713975636293,0.6242436932082979
Brentford,Nottingham Forest,0.4714699643413347,0.1992495922029207,0.3292804434557443
Ipswich,Newcastle United,0.10294368404110454,0.11858396452298639,0.7784723514359091
West Ham,Brighton,0.3036842438789381,0.22786710829670814,0.4684486478243538
Crystal Palace,Arsenal,0.1707224755189363,0.2041216820585192,0.6251558424225444
Everton,Chelsea,0.3534293419627542,0.2510389843901639,0.39553167364708186
Fulham,Southampton,0.6881830716821137,0.18222390714586673,0.12959302117201957
Leicester,Wolverhampton Wanderers,0.12233975865759322,0.14836663304249278,0.7292936082999142
Manchester United,Bournemouth,0.3284748819128887,0.2357259401199346,0.4357991779671766
Tottenham Hotspur,Liverpool,0.15549563599981686,0.13803862391449923,0.7064657400856837
Manchester City,Everton,0.6822836157832225,0.17560978167748476,0.14210660253929272
Bournemouth,Crystal Palace,0.5274986569278379,0.2260392791309068,0.2464620639412553
Chelsea,Fulham,0.4911130144793316,0.22772749144771512,0.2811594940729534
Newcastle United,Aston Villa,0.5607985928062931,0.19334098878675673,0.2458604184069501
Nottingham Forest,Tottenham Hotspur,0.4313154459033838,0.1970539562938352,0.37163059780278085
Southampton,West Ham,0.22456964001353738,0.24194740812407844,0.5334829518623843
Wolverhampton Wanderers,Manchester United,0.6349985400599948,0.18447436925058042,0.18052709068942488
Liverpool,Leicester,0.9166953020895444,0.055564678956401256,0.027740018954054414
Brighton,Brentford,0.30608455870084683,0.2047396846612043,0.48917575663794877
Arsenal,Ipswich,0.8121702857540994,0.1134233619875126,0.07440635225838782
Leicester,Manchester City,0.06647510984923136,0.10883634385555355,0.8246885462952149
Crystal Palace,Southampton,0.5786484939283263,0.23947267808481723,0.1818788279868567
Everton,Nottingham Forest,0.3479977453246141,0.22535436852073876,0.4266478861546471
Fulham,Bournemouth,0.37813342146021534,0.220224899532137,0.40164167900764774
Tottenham Hotspur,Wolverhampton Wanderers,0.3506826367023663,0.19346327124423413,0.4558540920533996
West Ham,Liverpool,0.07034266276210957,0.10070067020179681,0.8289566670360937
Aston Villa,Brighton,0.4439268621641671,0.22307425124067512,0.3329988865951578
Ipswich,Chelsea,0.1753900494738444,0.18114503845166574,0.6434649120744899
Manchester United,Newcastle United,0.21183899070000667,0.19459249396412592,0.5935685153358674
Brentford,Arsenal,0.3442226579833372,0.21503307523375662,0.4407442667829061
Tottenham Hotspur,Newcastle United,0.3324183724952566,0.18980247826316732,0.4777791492415762
Aston Villa,Leicester,0.6486143024844405,0.19094137119248347,0.160444326323076
Bournemouth,Everton,0.4264574315910058,0.2347733085753699,0.3387692598336242
Crystal Palace,Chelsea,0.257424428651061,0.24548821649205296,0.4970873548568861
Manchester City,West Ham,0.7853331331191638,0.13028261389514437,0.08438425298569188
Southampton,Brentford,0.09077015841221459,0.1380664362627189,0.7711634053250667
Brighton,Arsenal,0.24124687390216745,0.2069774724526352,0.5517756536451974
Fulham,Ipswich,0.6333104082060022,0.1788706789628893,0.18781891283110858
Liverpool,Manchester United,0.8216464540121451,0.10675649854375886,0.07159704744409588
Wolverhampton Wanderers,Nottingham Forest,0.513903682942203,0.19109794410490868,0.2949983729528883
Brentford,Manchester City,0.2558690755075547,0.191942796082021,0.5521881284104242
West Ham,Fulham,0.322712139635232,0.2320950874056634,0.4451927729591044
Chelsea,Bournemouth,0.45243667039269464,0.23051131612391754,0.31705201348338785
Nottingham Forest,Liverpool,0.16236264962614216,0.1442322752141439,0.6934050751597138
Everton,Aston Villa,0.3851670848130263,0.24192396721140855,0.37290894797556523
Leicester,Crystal Palace,0.30189656230993245,0.253233712774634,0.44486972491543364
Newcastle United,Wolverhampton Wanderers,0.44848256597945724,0.19413177889412828,0.3573856551264145
Arsenal,Tottenham Hotspur,0.5468194021877056,0.197980159709698,0.25520043810259624
Ipswich,Brighton,0.21439772830689222,0.18432870455585745,0.6012735671372504
Manchester United,Southampton,0.6212176687974502,0.2209120172587582,0.1578703139437918
Newcastle United,Bournemouth,0.5784414889776324,0.1856563639801998,0.2359021470421679
Brentford,Liverpool,0.1927302722729672,0.15632628459935394,0.6509434431276788
Leicester,Fulham,0.2348052325405842,0.21433250686068253,0.5508622605987333
West Ham,Crystal Palace,0.3904748807951496,0.2582201102764963,0.3513050089283542
Arsenal,Aston Villa,0.5700982200883596,0.2089486096146636,0.22095317029697675
Everton,Tottenham Hotspur,0.35005403786118855,0.2197600025433526,0.4301859595954588
Manchester United,Brighton,0.34531541105831326,0.23772908182872254,0.4169555071129643
Nottingham Forest,Southampton,0.7828404963937262,0.13414204806458077,0.08301745554169308
Ipswich,Manchester City,0.05794297518566926,0.08803981556328191,0.8540172092510488
Chelsea,Wolverhampton Wanderers,0.33800534980155955,0.21933619670721946,0.44265845349122096
Bournemouth,Nottingham Forest,0.3642979858547414,0.20954685181435545,0.4261551623309031
Brighton,Everton,0.4068192069814388,0.23645413196130674,0.35672666105725453
Liverpool,Ipswich,0.9345510740007361,0.04278154759827166,0.022667378400992408
Southampton,Newcastle United,0.0707926842853708,0.11488531687397092,0.8143219988406583
Wolverhampton Wanderers,Arsenal,0.38233066502286045,0.21232332811414706,0.4053460068629925
Manchester City,Chelsea,0.6301825016263766,0.1914740229680344,0.17834347540558887
Crystal Palace,Brentford,0.21652414119559707,0.20637208725853123,0.5771037715458717
Tottenham Hotspur,Leicester,0.716656585116065,0.15388207612928564,0.12946133875464935
Aston Villa,West Ham,0.5467325066617114,0.21988693648200763,0.2333805568562809
Fulham,Manchester United,0.45095276820801283,0.2357849748900584,0.3132622569019287
Nottingham Forest,Brighton,0.5044901051399252,0.20305713782553225,0.2924527570345424
Bournemouth,Liverpool,0.12874275689156814,0.13361459239893314,0.7376426507094986
Everton,Leicester,0.6116772611049694,0.21170266180383057,0.17662007709120006
Ipswich,Southampton,0.516373387982818,0.22696382391970882,0.2566627880974733
Newcastle United,Fulham,0.6202695545172353,0.17723202944707758,0.20249841603568713
Wolverhampton Wanderers,Aston Villa,0.552015798402862,0.19571955544871883,0.25226464614841937
Brentford,Tottenham Hotspur,0.47605842412113236,0.19436592211568746,0.32957565376318015
Manchester United,Crystal Palace,0.4290013333062289,0.2615781881968606,0.3094204784969104
Arsenal,Manchester City,0.32391682391287074,0.22085505144967996,0.45522812463744927
Chelsea,West Ham,0.5676858859040784,0.22251954405789065,0.20979457003803098
Brighton,Chelsea,0.35149080236458163,0.23257095808861225,0.4159382395468062
Leicester,Arsenal,0.10866583132668317,0.15437598531311547,0.7369581833602015
Aston Villa,Ipswich,0.6774938897493848,0.16758635432263613,0.15491975592797905
Fulham,Nottingham Forest,0.3247014783033947,0.2081052846757946,0.4671932370208108
Manchester City,Newcastle United,0.5649031183134237,0.18733639266580623,0.2477604890207702
Southampton,Bournemouth,0.13940387599922074,0.18326125146602476,0.6773348725347546
West Ham,Brentford,0.21020356936090728,0.1948081279546541,0.5949883026844385
Crystal Palace,Everton,0.3028878833861627,0.25834322391902687,0.43876889269481056
Liverpool,Wolverhampton Wanderers,0.6764385458279103,0.1490227002884595,0.17453875388363033
Tottenham Hotspur,Manchester United,0.5559402622518325,0.20432513289417045,0.23973460485399695
Leicester,Brentford,0.1396300537099538,0.16181120234254295,0.6985587439475032
Everton,Manchester United,0.4634415717219088,0.2502575380828711,0.2863008901952201
Arsenal,West Ham,0.6939569636419689,0.17509708821391456,0.1309459481441166
Bournemouth,Wolverhampton Wanderers,0.2982702001981784,0.19990958587659005,0.5018202139252316
Fulham,Crystal Palace,0.4879782257434528,0.23503972717898297,0.2769820470775643
Ipswich,Tottenham Hotspur,0.15323215288680508,0.14733016571229654,0.6994376814008982
Southampton,Brighton,0.14993888986223786,0.19046747331468658,0.6595936368230755
Aston Villa,Chelsea,0.37627436403192016,0.23941398048053975,0.38431165548754015
Newcastle United,Nottingham Forest,0.5236681471497766,0.18904587507642412,0.28728597777379916
Manchester City,Liverpool,0.3550512790738214,0.19514576022078323,0.4498029607053955
Brighton,Bournemouth,0.3979353837140237,0.21926757102539804,0.38279704526057823
Wolverhampton Wanderers,Fulham,0.6103185162631575,0.18044539504964363,0.20923608868719895
Crystal Palace,Aston Villa,0.2822475472461642,0.2403691051672593,0.4773833475865765
Chelsea,Southampton,0.7332657155931346,0.16984538711311992,0.09688889729374547
Brentford,Everton,0.5290292955236869,0.21314216770737524,0.2578285367689377
Nottingham Forest,Arsenal,0.30688203995271635,0.2107830188972375,0.48233494115004605
Tottenham Hotspur,Manchester City,0.21513906589697476,0.1761547343293164,0.6087061997737089
Manchester United,Ipswich,0.5659382743615418,0.2092647067596046,0.22479701887885373
Liverpool,Newcastle United,0.6603979369793356,0.1521410635160734,0.18746099950459086
West Ham,Leicester,0.501985430514084,0.23758547654462747,0.2604290929412886
Nottingham Forest,Manchester City,0.2223273414635443,0.1826204077959623,0.5950522507404934
Brighton,Fulham,0.4387123896575493,0.21983856763343357,0.34144904270901705
Crystal Palace,Ipswich,0.51911726197041,0.22293247655077564,0.2579502614788143
Liverpool,Southampton,0.9444194873051659,0.03992734744890792,0.01565316524592619
Brentford,Aston Villa,0.5103033112810841,0.2064485035742498,0.2832481851446661
Wolverhampton Wanderers,Everton,0.5700230486460564,0.2008588446603578,0.22911810669358584
Chelsea,Leicester,0.6650769547189617,0.19110059768683088,0.14382244759420748
Tottenham Hotspur,Bournemouth,0.48198155086274974,0.20111876931458508,0.3168996798226651
Manchester United,Arsenal,0.19628301864510142,0.21152635562678496,0.5921906257281137
West Ham,Newcastle United,0.17560064677201373,0.17538084783933156,0.6490185053886546
Aston Villa,Liverpool,0.13707771144258019,0.14245310447855214,0.7204691840788677
Everton,West Ham,0.5133732483647078,0.23735136291003983,0.24927538872525234
Ipswich,Nottingham Forest,0.15545858610588265,0.15249769095864255,0.6920437229354748
Manchester City,Brighton,0.7090468544078272,0.15603430010992073,0.1349188454822522
Southampton,Wolverhampton Wanderers,0.07819311709520435,0.12394411293378542,0.7978627699710102
Bournemouth,Brentford,0.32554121631697475,0.20656321891968826,0.46789556476333705
Arsenal,Chelsea,0.5285047759216182,0.22596803650466657,0.24552718757371542
Fulham,Tottenham Hotspur,0.3259243933148602,0.20299604744431285,0.471079559240827
Leicester,Manchester United,0.26954803860910853,0.2421705163869177,0.48828144500397397
Newcastle United,Crystal Palace,0.6783037501554807,0.17227979364961474,0.1494164561949046
Arsenal,Fulham,0.6255666677098322,0.19111344703339833,0.18331988525676945
Wolverhampton Wanderers,West Ham,0.688205223200219,0.16452891202555492,0.147265864774226
Nottingham Forest,Manchester United,0.5558979576444689,0.20849135240002592,0.23561068995550527
Bournemouth,Ipswich,0.6758320004640275,0.164657762799426,0.1595102367365465
Brighton,Aston Villa,0.38487810608582534,0.2247132200168956,0.390408673897279
Manchester City,Leicester,0.8577380161638982,0.09326375367696471,0.04899823015913713
Newcastle United,Brentford,0.47908416607505255,0.19440011790459444,0.32651571602035295
Southampton,Crystal Palace,0.22045393840333488,0.2513292573757484,0.5282168042209167
Liverpool,Everton,0.771369984024745,0.12906059010258908,0.09956942587266582
Chelsea,Tottenham Hotspur,0.4059353626773255,0.21904403145518017,0.37502060586749447
Everton,Arsenal,0.25050178058630435,0.22711828340702883,0.522379936006667
Crystal Palace,Brighton,0.3072942031001054,0.23859689812518434,0.4541088987747104
Ipswich,Wolverhampton Wanderers,0.11334134283754822,0.12688235793092315,0.7597762992315287
West Ham,Bournemouth,0.2873812593268287,0.22457399351164167,0.4880447471615295
Aston Villa,Nottingham Forest,0.372179506847576,0.21563280285127556,0.4121876903011482
Brentford,Chelsea,0.46987318437326037,0.21927793340360258,0.31084888222313717
Fulham,Liverpool,0.10756207427907674,0.12189700113108233,0.770540924589841
Tottenham Hotspur,Southampton,0.7878093053216099,0.12957254070564977,0.08261815397274035
Manchester United,Manchester City,0.13550696120750316,0.16937183148988344,0.6951212073026135
Leicester,Newcastle United,0.11208107940205808,0.1395046403199844,0.7484142802779574
Manchester City,Crystal Palace,0.7658421328775983,0.1430876284724927,0.09107023864990899
Brighton,Leicester,0.6285616522815024,0.19377714388326225,0.1776612038352354
Nottingham Forest,Everton,0.4892491525624685,0.21952484046805962,0.291226006969472
Southampton,Aston Villa,0.13623202751387742,0.18690715397791285,0.6768608185082097
Arsenal,Brentford,0.49899365497583104,0.21062795145875216,0.2903783935654167
Chelsea,Ipswich,0.6960117751252144,0.16619668365305187,0.13779154122173368
Liverpool,West Ham,0.8609704929225511,0.08605556143013166,0.052973945647317354
Wolverhampton Wanderers,Tottenham Hotspur,0.5188830729729814,0.18634644665548977,0.2947704803715289
Newcastle United,Manchester United,0.6436584273639474,0.1812127552904395,0.17512881734561317
Bournemouth,Fulham,0.45977656075524687,0.21752706261982555,0.3226963766249276
Brentford,Brighton,0.5469444881663166,0.1962904199898512,0.2567650918438321
Crystal Palace,Bournemouth,0.2914614340497799,0.2354988174903803,0.47303974845983976
Everton,Manchester City,0.18099342483627578,0.19138344384560882,0.6276231313181154
West Ham,Southampton,0.5862143967987801,0.22894155616623996,0.18484404703497997
Aston Villa,Newcastle United,0.2908713522727804,0.20204239604416213,0.5070862516830574
Fulham,Chelsea,0.3342012701290135,0.23242178280488693,0.43337694706609964
Ipswich,Arsenal,0.09980440135808791,0.13008357499864984,0.7701120236432624
Manchester United,Wolverhampton Wanderers,0.22564025482597308,0.2017587309810427,0.5726010141929841
Leicester,Liverpool,0.038687301757729026,0.06763186167429268,0.8936808365679783
Tottenham Hotspur,Nottingham Forest,0.42400655997344006,0.1976926917614782,0.37830074826508175
Manchester City,Aston Villa,0.6734895081434945,0.1715678375012307,0.1549426543552748
Arsenal,Crystal Palace,0.6738395112850334,0.18835803974506374,0.1378024489699029
Chelsea,Everton,0.4551969490274111,0.24803036594973302,0.296772685022856
Brighton,West Ham,0.5236602634222831,0.2199457237845375,0.2563940127931793
Newcastle United,Ipswich,0.8180932308460221,0.1034185746187611,0.07848819453521672
Southampton,Fulham,0.1630191187948682,0.1997973541135496,0.6371835270915822
Wolverhampton Wanderers,Leicester,0.7804520552879882,0.12806102868619762,0.09148691602581424
Bournemouth,Manchester United,0.4905316567058138,0.2289135165348098,0.2805548267593764
Liverpool,Tottenham Hotspur,0.7490570920860282,0.12497413636621486,0.12596877154775699
Nottingham Forest,Brentford,0.38548379109752096,0.20220058366491386,0.41231562523756515
Manchester City,Wolverhampton Wanderers,0.5812076629844991,0.18575519852455247,0.23303713849094848
Aston Villa,Fulham,0.46510645565714714,0.22264196073981507,0.31225158360303773
Everton,Ipswich,0.639297443877422,0.18731546217955272,0.1733870939430251
Leicester,Southampton,0.4910479724030681,0.25366449816561454,0.2552875294313174
Arsenal,Bournemouth,0.5877859401472677,0.20008678166789245,0.21212727818483998
Brentford,Manchester United,0.5949365587609814,0.19907001754012824,0.20599342369889048
Brighton,Newcastle United,0.2632569876184162,0.1916235897047885,0.5451194226767953
West Ham,Tottenham Hotspur,0.2396352612288836,0.19859032828202913,0.5617744104890872
Chelsea,Liverpool,0.16286755255297575,0.16248756220615532,0.6746448852408689
Crystal Palace,Nottingham Forest,0.2459167297773238,0.21543951387410304,0.538643756348573
Fulham,Everton,0.3884315575643884,0.23797388137834272,0.3735945610572687
Ipswich,Brentford,0.1311172795599221,0.1397060196315259,0.7291767008085519
Southampton,Manchester City,0.04130072152045054,0.08658821254639078,0.8721110659331587
Wolverhampton Wanderers,Brighton,0.5887507372789589,0.1844741469200615,0.22677511580097948
Bournemouth,Aston Villa,0.40502540485592686,0.22391241311763277,0.37106218202644026
Newcastle United,Chelsea,0.5179340011944076,0.2080421948218999,0.27402380398369247
Manchester United,West Ham,0.4428234104069854,0.2507665589447533,0.3064100306482612
Nottingham Forest,Leicester,0.7130712313156674,0.15804121169962343,0.12888755698470913
Tottenham Hotspur,Crystal Palace,0.5941368991564,0.19837164682296274,0.2074914540206374
Liverpool,Arsenal,0.6016422559274893,0.17968609356970958,0.2186716505028012
Aston Villa,Tottenham Hotspur,0.37488114247587034,0.21037663941001614,0.4147422181141136
Chelsea,Manchester United,0.5158746323842959,0.2389322091011545,0.2451931585145496
Everton,Southampton,0.6850599317384378,0.19351146128969066,0.12142860697187155
West Ham,Nottingham Forest,0.24009628280303943,0.2043142736492153,0.5555894435477453
Brentford,Fulham,0.568898188364386,0.19312795437895852,0.23797385725665537
Leicester,Ipswich,0.4124978853645474,0.22670064189256772,0.3608014727428849
Arsenal,Newcastle United,0.4549316363554232,0.21044391393893155,0.3346244497056452
Brighton,Liverpool,0.11719852530400836,0.12734134783168,0.7554601268643114
Crystal Palace,Wolverhampton Wanderers,0.19537290879167843,0.19499305891951754,0.6096340322888041
Manchester City,Bournemouth,0.6919480711889742,0.16189885409323285,0.1461530747177928
Bournemouth,Leicester,0.6481885930464792,0.1869501737836293,0.16486123316989146
Fulham,Manchester City,0.15700372415640904,0.16563811459150915,0.6773581612520818
Ipswich,West Ham,0.31511726400854206,0.22061949781365145,0.4642632381778063
Liverpool,Crystal Palace,0.844834312880188,0.09646897454563591,0.05869671257417601
Manchester United,Aston Villa,0.31786437400540396,0.2409283525687781,0.441207273425818
Newcastle United,Everton,0.5778392729312518,0.19844697225282504,0.22371375481592315
Nottingham Forest,Chelsea,0.4299839485313143,0.22246728902702767,0.34754876244165817
Southampton,Arsenal,0.07109699945895534,0.13089586042231716,0.7980071401187276
Tottenham Hotspur,Brighton,0.5028075589470327,0.19911872587050103,0.2980737151824664
Wolverhampton Wanderers,Brentford,0.47013722489536464,0.19586278808137625,0.33399998702325917
