home_team,away_team,home_win_prob,draw_prob,away_win_prob
Manchester United,Fulham,0.3700491560384304,0.23732383077060484,0.3926270131909647
Ipswich,Liverpool,0.03357111272412268,0.05331098883158367,0.9131178984442937
Arsenal,Wolverhampton Wanderers,0.4596215223007451,0.21037832235677015,0.3300001553424848
Everton,Brighton,0.4021784413204226,0.2425876795831577,0.35523387909641974
Newcastle United,Southampton,0.8594164744299234,0.09179327643385955,0.048790249136216934
Nottingham Forest,Bournemouth,0.48029354698954696,0.20172308058692476,0.3179833724235284
West Ham,Aston Villa,0.28578262742724914,0.22874029196304632,0.4854770806097046
Brentford,Crystal Palace,0.6264573037470199,0.19025124119209832,0.18329145506088174
Chelsea,Manchester City,0.2204045508248876,0.2008271638550654,0.5787682853200469
Leicester,Tottenham Hotspur,0.15089070401626606,0.16449357350560884,0.6846157224781251
Brighton,Manchester United,0.43577425922900104,0.23165729908616586,0.332568441684833
Crystal Palace,West Ham,0.4042909199420856,0.2567754607945818,0.33893361926333243
Fulham,Leicester,0.6275587269967273,0.1963378426596881,0.17610343034358472
Manchester City,Ipswich,0.8845024248355288,0.07208601799826901,0.04341155716620208
Southampton,Nottingham Forest,0.09502413440622787,0.13724415867043752,0.7677317069233346
Tottenham Hotspur,Everton,0.5209598724019816,0.21573868211974104,0.26330144547827716
Aston Villa,Arsenal,0.25635980668896546,0.21492692864830085,0.5287132646627335
Bournemouth,Newcastle United,0.29356807213189656,0.19534004771200036,0.5110918801561031
Wolverhampton Wanderers,Chelsea,0.5234146257991551,0.20551873245964733,0.27106664174119754
Liverpool,Brentford,0.7162964924856225,0.13729317895524126,0.14641032855913608
Arsenal,Brighton,0.6309909251432365,0.18716735265964327,0.18184172219712008
Brentford,Southampton,0.8234190457810009,0.11191980115134804,0.06466115306765106
Everton,Bournemouth,0.3548598857475276,0.24119881737001034,0.403941296882462
Ipswich,Fulham,0.2343443088434618,0.18739380714846632,0.5782618840080719
Leicester,Aston Villa,0.1968471965723577,0.2048754276962595,0.5982773757313827
Nottingham Forest,Wolverhampton Wanderers,0.3475283247620412,0.19349806305023465,0.45897361218772403
West Ham,Manchester City,0.10786417680116675,0.14273089539225203,0.7494049278065813
Chelsea,Crystal Palace,0.5542620270827522,0.23149824456972434,0.2142397283475237
Newcastle United,Tottenham Hotspur,0.5225294739985554,0.18478343059136193,0.2926870954100827
Manchester United,Liverpool,0.09698366771733974,0.1237051475013819,0.7793111847812784
Southampton,Manchester United,0.1733980165986698,0.21756764244392088,0.6090343409574095
Brighton,Ipswich,0.6232910443894281,0.17651972123810075,0.20018923437247116
Crystal Palace,Leicester,0.5094953413426212,0.24537273961203931,0.2451319190453395
Fulham,West Ham,0.5153808019830529,0.2225481826530687,0.2620710153638783
Liverpool,Nottingham Forest,0.7423126357096704,0.12831496564468753,0.1293723986456421
Manchester City,Brentford,0.6207638532531341,0.174472687351041,0.20476345939582488
Aston Villa,Everton,0.4486565297374047,0.2451885217716847,0.30615494849091063
Bournemouth,Chelsea,0.37885249307756136,0.23020252657467774,0.39094498034776093
Tottenham Hotspur,Arsenal,0.30479726347086583,0.2048935951324245,0.49030914139670956
Wolverhampton Wanderers,Newcastle United,0.4384624154487686,0.1918794135435049,0.36965817100772647
West Ham,Chelsea,0.250679024144737,0.23201324094536704,0.517307734909896
Aston Villa,Wolverhampton Wanderers,0.28503521110331304,0.19982833902214,0.5151364498745469
Fulham,Newcastle United,0.25801339636150583,0.19152549126259766,0.5504611123758965
Leicester,Everton,0.23695585892219834,0.2437785456772159,0.5192655954005857
Liverpool,Bournemouth,0.7764284272280763,0.11936118024089339,0.10421039253103015
Southampton,Ipswich,0.2775318768423129,0.2229102528521729,0.49955787030551413
Tottenham Hotspur,Brentford,0.3958363564800515,0.19560224704287174,0.4085613964770768
Crystal Palace,Manchester United,0.3461255354859156,0.2584605047738405,0.3954139597402437
Brighton,Nottingham Forest,0.3160445817362106,0.2019860224795853,0.48196939578420406
Manchester City,Arsenal,0.5101652466927172,0.21108916710279352,0.2787455862044893
Newcastle United,Manchester City,0.29396873995654743,0.19178374520198158,0.514247514841471
Arsenal,Leicester,0.7863457169862474,0.13481413340882495,0.0788401496049275
Brentford,West Ham,0.6448221612632238,0.1802980430513221,0.17487979568545406
Chelsea,Brighton,0.49826479894792086,0.22308714643203315,0.27864805462004605
Everton,Crystal Palace,0.461321437295294,0.2613756356593381,0.2773029270453679
Nottingham Forest,Fulham,0.5219468465745344,0.1994851486681766,0.27856800475728904
Wolverhampton Wanderers,Liverpool,0.23114901546783592,0.16314570631979802,0.605705278212366
Ipswich,Aston Villa,0.21032551089361892,0.1814973581833108,0.6081771309230702
Manchester United,Tottenham Hotspur,0.29144673783390634,0.2115121182203749,0.49704114394571863
Bournemouth,Southampton,0.7535531801712313,0.14988507816242708,0.09656174166634171
Crystal Palace,Liverpool,0.07477911676766433,0.10876569531831275,0.8164551879140229
Arsenal,Southampton,0.8476877378444122,0.10451308908996707,0.04779917306562076
Brentford,Wolverhampton Wanderers,0.3759070354279772,0.19567115510425687,0.428421809467766
Leicester,Bournemouth,0.18801063337364596,0.19502608443509303,0.6169632821912612
Manchester City,Fulham,0.7197564627341541,0.15069312942877547,0.1295504078370705
West Ham,Ipswich,0.5085031751833465,0.21265798931983534,0.27883883549681804
Everton,Newcastle United,0.24722182599177955,0.21095203205987795,0.5418261419483424
Aston Villa,Manchester United,0.47280039444410804,0.23317923979151312,0.2940203657643788
Chelsea,Nottingham Forest,0.40168673202669697,0.22145913597703457,0.3768541319962683
Brighton,Tottenham Hotspur,0.3177637491341132,0.19882824631590823,0.4834080045499785
Tottenham Hotspur,West Ham,0.6189405946065877,0.185221726912615,0.1958376784807973
Fulham,Aston Villa,0.38723193279605417,0.224039963747502,0.3887281034564438
Manchester United,Brentford,0.2680167773008967,0.21141186336009843,0.5205713593390049
Newcastle United,Brighton,0.6226463877591959,0.17472684020927692,0.20262677203152715
Southampton,Leicester,0.29901556043778943,0.25992851283984775,0.4410559267223629
Ipswich,Everton,0.25770009097094454,0.21547435541698212,0.5268255536120734
Bournemouth,Arsenal,0.2661697651700427,0.21046717572240795,0.5233630591075493
Wolverhampton Wanderers,Manchester City,0.30352419610628817,0.19155721235101858,0.5049185915426934
Liverpool,Chelsea,0.7232070177696618,0.1463786089416019,0.13041437328873628
Nottingham Forest,Crystal Palace,0.6016898677964411,0.19690040785678184,0.20140972434677712
Leicester,Nottingham Forest,0.15166832567349273,0.1681438166914704,0.6801878576350369
Aston Villa,Bournemouth,0.4052247376510981,0.22089625106289357,0.3738790112860083
Brentford,Ipswich,0.7641433643537163,0.1253540012261321,0.11050263442015168
Brighton,Wolverhampton Wanderers,0.24595324704051386,0.18642602019910834,0.5676207327603777
Manchester City,Southampton,0.9114158779842572,0.0628191230101377,0.02576499900560543
Everton,Fulham,0.38969176032282443,0.24620084021233477,0.36410739946484094
Chelsea,Newcastle United,0.3265712791798558,0.215422064747521,0.45800665607262325
Crystal Palace,Tottenham Hotspur,0.24253138524932707,0.20593152631453449,0.5515370884361386
West Ham,Manchester United,0.3427603591981919,0.24952193061406205,0.40771771018774583
Arsenal,Liverpool,0.260666405256664,0.18966224559292663,0.5496713491504094
Newcastle United,Arsenal,0.3852021962505048,0.21220170562965848,0.4025960981198368
Bournemouth,Manchester City,0.18938834235453042,0.17384403176520397,0.6367676258802657
Ipswich,Leicester,0.44681441151655177,0.22095566277518602,0.3322299257082623
Liverpool,Brighton,0.818545706980105,0.10207374850394849,0.07938054451594655
Nottingham Forest,West Ham,0.6198113948756379,0.18726932681279582,0.19291927831156624
Southampton,Everton,0.16632043477762146,0.2244878685221794,0.6091916967001991
Wolverhampton Wanderers,Crystal Palace,0.6856290421355334,0.1679713714399552,0.14639958642451134
Tottenham Hotspur,Aston Villa,0.48378304494750546,0.20346878663628246,0.31274816841621217
Manchester United,Chelsea,0.3011361022861344,0.2449791365421472,0.4538847611717184
Fulham,Brentford,0.30640962950844536,0.20371239710910297,0.48987797338245165
Brentford,Bournemouth,0.508769255833138,0.19881987537043805,0.2924108687964239
Crystal Palace,Fulham,0.3170451026975688,0.23950303469630477,0.44345186260612646
West Ham,Everton,0.3254472577950647,0.25884305025790794,0.41570969194702745
Wolverhampton Wanderers,Southampton,0.8631531647371721,0.08947786033039429,0.04736897493243389
Brighton,Manchester City,0.15216568707793202,0.1578312254477644,0.6900030874743036
Liverpool,Aston Villa,0.7773358817026567,0.12116752193134242,0.10149659636600082
Manchester United,Leicester,0.5685267557516361,0.22586992854176077,0.20560331570660303
Nottingham Forest,Newcastle United,0.3447673217504131,0.19314495979612478,0.462087718453462
Tottenham Hotspur,Ipswich,0.7417752470295086,0.1320309212984367,0.1261938316720549
Chelsea,Arsenal,0.295091956953018,0.2341329280562892,0.4707751149906929
Leicester,Chelsea,0.1717323615218726,0.20374563924020614,0.6245219992379213
Arsenal,Nottingham Forest,0.5376818483209823,0.20196931826371528,0.26034883341530235
Aston Villa,Crystal Palace,0.5223918721921538,0.22957914502921067,0.24802898277863542
Bournemouth,Brighton,0.4755275130745995,0.2112925691306671,0.31317991779473336
Everton,Brentford,0.2903169425790659,0.22413873549767477,0.48554432192325936
Fulham,Wolverhampton Wanderers,0.2603591513512193,0.19221061494237934,0.5474302337064013
Manchester City,Tottenham Hotspur,0.6550585645597027,0.16258430046720598,0.18235713497309133
Southampton,Liverpool,0.018886300114822174,0.04297470374604082,0.938138996139137
Ipswich,Manchester United,0.27084513612775696,0.2095356600430523,0.5196192038291907
Newcastle United,West Ham,0.6964162563946197,0.16125254440674716,0.14233119919863316
Brighton,Southampton,0.7080521627161365,0.1704454828587641,0.12150235442509949
Brentford,Leicester,0.7499181657992562,0.14311764115215458,0.1069641930485895
Crystal Palace,Newcastle United,0.1838036734241599,0.18617512413559592,0.6300212024402443
Nottingham Forest,Ipswich,0.7412613303823082,0.13368440136732154,0.12505426825037003
Wolverhampton Wanderers,Bournemouth,0.5747145543783769,0.18428797267625982,0.24099747294536314
West Ham,Arsenal,0.1641032753924917,0.19072355148073686,0.6451731731267716
Chelsea,Aston Villa,0.4520033907651103,0.23390532862750363,0.31409128060738584
Manchester United,Everton,0.3782505172103874,0.2635235006197263,0.3582259821698862
Tottenham Hotspur,Fulham,0.5191091981828376,0.19733222153590407,0.28355858028125835
Liverpool,Manchester City,0.5131136865155965,0.1858233810335667,0.30106293245083676
Ipswich,Crystal Palace,0.3207622797867144,0.2229305485162603,0.45630717169702545
Leicester,West Ham,0.2996208850933498,0.245656375756436,0.4547227391502141
Everton,Wolverhampton Wanderers,0.2493232820785144,0.21168290655082272,0.5389938113706627
Manchester City,Nottingham Forest,0.6486292717759934,0.16657911662988228,0.18479161159412427
Newcastle United,Liverpool,0.2232503449923179,0.16230318964220938,0.6144464653654729
Southampton,Chelsea,0.11409580277129833,0.17559007945305802,0.7103141177756435
Arsenal,Manchester United,0.6330318957920875,0.19849772621093656,0.1684703779969759
Aston Villa,Brentford,0.3322277815117204,0.20943776081821783,0.458334457670062
Fulham,Brighton,0.43231208835962603,0.21816502844973887,0.349522883190635
Bournemouth,Tottenham Hotspur,0.3739998071884249,0.20240062690323501,0.4235995659083401
Aston Villa,Southampton,0.7344249153873896,0.16187025484745585,0.10370482976515438
Brentford,Newcastle United,0.37309277027350335,0.19542736579367187,0.43147986393282484
Crystal Palace,Manchester City,0.1143543038747368,0.15362396529858327,0.7320217308266801
Manchester United,Nottingham Forest,0.2900020511173254,0.21505442431850205,0.49494352456417257
Fulham,Arsenal,0.23562029813275387,0.2061292434707731,0.5582504583964731
Ipswich,Bournemouth,0.2001181314246469,0.17291570221938074,0.6269661663559725
Leicester,Brighton,0.22555331078322904,0.21029787782655449,0.5641488113902166
Tottenham Hotspur,Chelsea,0.42903086059769513,0.21651676028774533,0.35445237911455946
West Ham,Wolverhampton Wanderers,0.17808667405564935,0.17702413720944832,0.6448891887349025
Everton,Liverpool,0.11440589368914089,0.14151563667633782,0.7440784696345211
Arsenal,Everton,0.6040114494596927,0.21486831531974654,0.18112023522056078
Liverpool,Fulham,0.8051776374566062,0.10884042527580715,0.08598193726758652
Newcastle United,Leicester,0.7944107639084973,0.12209975158032454,0.08348948451117819
Wolverhampton Wanderers,Ipswich,0.8142162827868337,0.1034511025552134,0.08233261465795286
Nottingham Forest,Aston Villa,0.4872042083737581,0.2057964333939737,0.3069993582322682
Brighton,Crystal Palace,0.487021685641371,0.23080031354221392,0.28217800081641514
Manchester City,Manchester United,0.7335534652839372,0.15223111546615797,0.11421541924990507
Chelsea,Brentford,0.3761286605215041,0.22200447233767787,0.4018668671408179
Southampton,Tottenham Hotspur,0.09382213912946127,0.13342300254655903,0.7727548583239796
Bournemouth,West Ham,0.557952773412683,0.21058625655226418,0.23146097003505262
Aston Villa,Manchester City,0.18267773832321482,0.17679837982675045,0.6405238818500347
Brentford,Nottingham Forest,0.45877416945871974,0.1963556326448676,0.3448701978964127
Ipswich,Newcastle United,0.10952956518225675,0.12015961837699565,0.7703108164407475
West Ham,Brighton,0.3228815407916368,0.228786162412623,0.44833229679574027
Crystal Palace,Arsenal,0.1703934233768501,0.20197454280229682,0.6276320338208531
Everton,Chelsea,0.3212006046785769,0.257007108292737,0.4217922870286859
Fulham,Southampton,0.7158442775068422,0.1687194028161546,0.11543631967700324
Leicester,Wolverhampton Wanderers,0.10919096492009055,0.13941507277088316,0.7513939623090262
Manchester United,Bournemouth,0.33405271341879356,0.23101538029453506,0.43493190628667144
Tottenham Hotspur,Liverpool,0.15663273993779547,0.13778970631102477,0.7055775537511798
Manchester City,Everton,0.704270035720039,0.1690490559742184,0.12668090830574233
Bournemouth,Crystal Palace,0.5408405566646582,0.219871446971428,0.23928799636391362
Chelsea,Fulham,0.48353339286293723,0.2281557249481755,0.28831088218888734
Newcastle United,Aston Villa,0.5712009476559003,0.19017653233065832,0.23862252001344147
Nottingham Forest,Tottenham Hotspur,0.43285338498794007,0.19424195792387938,0.37290465708818066
Southampton,West Ham,0.21399359365348983,0.2344071204571852,0.551599285889325
Wolverhampton Wanderers,Manchester United,0.6384356921869424,0.18027799274066414,0.1812863150723935
Liverpool,Leicester,0.9210591382656842,0.05320032291626861,0.025740538818047397
Brighton,Brentford,0.29159183097040403,0.19898966342444946,0.5094185056051467
Arsenal,Ipswich,0.8079519449195013,0.11371637533680559,0.07833167974369308
Leicester,Manchester City,0.062201388507826014,0.10335357670901771,0.8344450347831562
Crystal Palace,Southampton,0.5999530131303019,0.22805175444502576,0.17199523242467257
Everton,Nottingham Forest,0.3122213493646466,0.2268003425067218,0.46097830812863155
Fulham,Bournemouth,0.3792230028212013,0.21820263376158333,0.4025743634172153
Tottenham Hotspur,Wolverhampton Wanderers,0.34194665320537837,0.19038413291549433,0.4676692138791272
West Ham,Liverpool,0.06899879721348033,0.09934786743554612,0.8316533353509735
Aston Villa,Brighton,0.4586954962402362,0.21869822355944016,0.3226062802003235
Ipswich,Chelsea,0.18135863948433606,0.17886118141492627,0.6397801791007378
Manchester United,Newcastle United,0.2248430884926613,0.19646072752546404,0.5786961839818746
Brentford,Arsenal,0.33587337726092115,0.21215084036173254,0.4519757823773463
Tottenham Hotspur,Newcastle United,0.33915833842077114,0.19000956702165508,0.4708320945575737
Aston Villa,Leicester,0.6495466945004902,0.19084046710599972,0.1596128383935103
Bournemouth,Everton,0.4654153413209228,0.2365319086748656,0.2980527500042114
Crystal Palace,Chelsea,0.2558302631115112,0.2422772517202432,0.5018924851682457
Manchester City,West Ham,0.7897602199490044,0.1266415873672866,0.08359819268370886
Southampton,Brentford,0.08490848880060407,0.12889312314401508,0.7861983880553807
Brighton,Arsenal,0.22237021493836553,0.1995051066883198,0.5781246783733147
Fulham,Ipswich,0.6350141421031557,0.17511785356136708,0.18986800433547735
Liverpool,Manchester United,0.8164091907571729,0.10825563979824888,0.07533516944457817
Wolverhampton Wanderers,Nottingham Forest,0.5261711443452911,0.18593641651722737,0.2878924391374816
Brentford,Manchester City,0.24893165239384427,0.1849205908730031,0.5661477567331528
West Ham,Fulham,0.31186975740529727,0.2307489848263866,0.45738125776831623
Chelsea,Bournemouth,0.446392840701083,0.2286159163988941,0.32499124290002307
Nottingham Forest,Liverpool,0.1625121297070575,0.1422980176163013,0.6951898526766414
Everton,Aston Villa,0.3617873124815803,0.24809971479416354,0.39011297272425594
Leicester,Crystal Palace,0.29096699953421823,0.252061119955321,0.4569718805104608
Newcastle United,Wolverhampton Wanderers,0.432442393735046,0.19342111241043983,0.3741364938545141
Arsenal,Tottenham Hotspur,0.5431869429999572,0.19800757223830512,0.2588054847617379
Ipswich,Brighton,0.24365470087143504,0.18729028507968257,0.5690550140488825
Manchester United,Southampton,0.6571881268541239,0.2025758821839187,0.14023599096195752
Newcastle United,Bournemouth,0.5661826250497152,0.18699749943553162,0.2468198755147532
Brentford,Liverpool,0.18290584178402125,0.15093149749963666,0.6661626607163421
Leicester,Fulham,0.21753874378377003,0.21080305145685835,0.5716582047593717
West Ham,Crystal Palace,0.38940300794363913,0.2564002420890563,0.35419674996730455
Arsenal,Aston Villa,0.5824380684046415,0.20444730238988906,0.21311462920546945
Everton,Tottenham Hotspur,0.31394823736572425,0.22307348524721568,0.4629782773870602
Manchester United,Brighton,0.3825850310321855,0.23424796135630477,0.3831670076115097
Nottingham Forest,Southampton,0.8064230828923356,0.12032536689376065,0.07325155021390393
Ipswich,Manchester City,0.059655390797217496,0.08577361449616547,0.8545709947066169
Chelsea,Wolverhampton Wanderers,0.3290261711647355,0.21583886441481206,0.4551349644204524
Bournemouth,Nottingham Forest,0.3713717253839151,0.20560469437520507,0.4230235802408798
Brighton,Everton,0.4133715583003294,0.24222637935171093,0.34440206234795984
Liverpool,Ipswich,0.9334194839206378,0.04292327282916119,0.02365724325020098
Southampton,Newcastle United,0.06453097583492806,0.10667314361080629,0.8287958805542657
Wolverhampton Wanderers,Arsenal,0.39583283779361356,0.21050024328595265,0.3936669189204337
Manchester City,Chelsea,0.6306517205135238,0.18814489010563096,0.1812033893808451
Crystal Palace,Brentford,0.22233623346958917,0.2043289639877338,0.5733348025426771
Tottenham Hotspur,Leicester,0.7295893659649468,0.1494918798257644,0.12091875420928877
Aston Villa,West Ham,0.5392709384964055,0.22018195699106663,0.2405471045125279
Fulham,Manchester United,0.4490286366910038,0.23314521249542408,0.317826150813572
Nottingham Forest,Brighton,0.5378111431411042,0.1945488660726742,0.2676399907862215
Bournemouth,Liverpool,0.1328608377374646,0.13434236618835343,0.7327967960741821
Everton,Leicester,0.5794494212529846,0.22990028764936862,0.19065029109764672
Ipswich,Southampton,0.5548894741970062,0.21196167602068947,0.23314884978230418
Newcastle United,Fulham,0.6062247296181773,0.18084341368728993,0.2129318566945329
Wolverhampton Wanderers,Aston Villa,0.5800314678142258,0.187229697627861,0.2327388345579133
Brentford,Tottenham Hotspur,0.4626955466638935,0.19316063323919402,0.3441438200969126
Manchester United,Crystal Palace,0.445855974792152,0.2545711531848585,0.29957287202298943
Arsenal,Manchester City,0.32702859509292814,0.21714750486430767,0.45582390004276435
Chelsea,West Ham,0.5719070935706279,0.22102885420046467,0.20706405222890753
Brighton,Chelsea,0.32804621299841,0.22838652649988514,0.4435672605017048
Leicester,Arsenal,0.10380631659328705,0.15233328732830062,0.7438603960784124
Aston Villa,Ipswich,0.6607117018811842,0.16908060889579105,0.17020768922302468
Fulham,Nottingham Forest,0.3310485354706229,0.2061125338614732,0.46283893066790394
Manchester City,Newcastle United,0.5671502505060876,0.18425509268478413,0.24859465680912837
Southampton,Bournemouth,0.12310997920020883,0.16725125045190964,0.7096387703478816
West Ham,Brentford,0.21502820965337624,0.1945932753552984,0.5903785149913254
Crystal Palace,Everton,0.32834993342763175,0.26847791413646527,0.4031721524359031
Liverpool,Wolverhampton Wanderers,0.6677027631602915,0.1501928563908123,0.18210438044889612
Tottenham Hotspur,Manchester United,0.5482706023512418,0.20314510494641191,0.24858429270234628
Leicester,Brentford,0.13705329856251383,0.1603477815940399,0.7025989198434461
Everton,Manchester United,0.4163423519273843,0.2607423428572668,0.32291530521534895
Arsenal,West Ham,0.6949190449849111,0.1747622943337284,0.13031866068136064
Bournemouth,Wolverhampton Wanderers,0.2960838065106252,0.19589044919421214,0.5080257442951626
Fulham,Crystal Palace,0.4994101609558921,0.2313244111692113,0.26926542787489655
Ipswich,Tottenham Hotspur,0.15798306737039486,0.14559807892563334,0.6964188537039718
Southampton,Brighton,0.15150850000770466,0.1866164454361687,0.6618750545561266
Aston Villa,Chelsea,0.36482983416532055,0.23673019017528527,0.39843997565939426
Newcastle United,Nottingham Forest,0.5177052698380845,0.18811007901732155,0.294184651144594
Manchester City,Liverpool,0.34996504249750304,0.19113293921479896,0.458902018287698
Brighton,Bournemouth,0.3646183025692274,0.21517990014847152,0.420201797282301
Wolverhampton Wanderers,Fulham,0.6144342137878162,0.17789261214189672,0.20767317407028696
Crystal Palace,Aston Villa,0.2912218421505586,0.23798738645150533,0.4707907713979362
Chelsea,Southampton,0.7534979818825339,0.15801189639933658,0.08849012171812942
Brentford,Everton,0.5488744564623986,0.2134657254902542,0.23765981804734732
Nottingham Forest,Arsenal,0.3107233063797997,0.208676002682139,0.48060069093806124
Tottenham Hotspur,Manchester City,0.21949511084110426,0.17363378406013866,0.606871105098757
Manchester United,Ipswich,0.5748660178254122,0.200991293192906,0.22414268898168183
Liverpool,Newcastle United,0.664999310583619,0.15084137884396528,0.18415931057241547
West Ham,Leicester,0.5099471536038834,0.23819773606310524,0.25185511033301117
Nottingham Forest,Manchester City,0.22585217387136888,0.1780962667977326,0.5960515593308985
Brighton,Fulham,0.40423305017216915,0.21953477449051934,0.3762321753373115
Crystal Palace,Ipswich,0.5107533666009053,0.21842881036302708,0.2708178230360677
Liverpool,Southampton,0.9522790737313601,0.03449237423455174,0.013228552034088193
Brentford,Aston Villa,0.515014708819016,0.20259120704521952,0.2823940841357646
Wolverhampton Wanderers,Everton,0.6104319407453558,0.19443622720146456,0.1951318320531795
Chelsea,Leicester,0.6756876066873432,0.18795949169004597,0.13635290162261088
Tottenham Hotspur,Bournemouth,0.47668271428241665,0.19941719754798412,0.3239000881695993
Manchester United,Arsenal,0.20627858966541504,0.21234312708593586,0.5813782832486492
West Ham,Newcastle United,0.17624383458680964,0.17605667686935098,0.6476994885438393
Aston Villa,Liverpool,0.12826926061084368,0.13608231341495305,0.7356484259742032
Everton,West Ham,0.47619173354018807,0.2520007243494563,0.27180754211035574
Ipswich,Nottingham Forest,0.15868768558960517,0.14849884733652124,0.6928134670738737
Manchester City,Brighton,0.7351804654072772,0.14331979150920385,0.12149974308351918
Southampton,Wolverhampton Wanderers,0.0654502550484479,0.10773473843747203,0.8268150065140802
Bournemouth,Brentford,0.34505613356132714,0.20463913911552328,0.4503047273231495
Arsenal,Chelsea,0.5265930196721175,0.225830192066757,0.24757678826112559
Fulham,Tottenham Hotspur,0.33294854879672353,0.20288693743231428,0.46416451377096213
Leicester,Manchester United,0.24853867769989355,0.2363362090813789,0.5151251132187276
Newcastle United,Crystal Palace,0.6776488494001924,0.17163364685358606,0.15071750374622142
Arsenal,Fulham,0.6150833784106476,0.1940413155773387,0.19087530601201352
Wolverhampton Wanderers,West Ham,0.7036931794364283,0.15790663936148927,0.13840018120208256
Nottingham Forest,Manchester United,0.5503932026037495,0.20533336493291468,0.244273432463336
Bournemouth,Ipswich,0.6799857377210566,0.15942280918752033,0.16059145309142317
Brighton,Aston Villa,0.3729457865087612,0.22119457524557315,0.40585963824566573
Manchester City,Leicester,0.8656824654018601,0.08834401754338297,0.04597351705475699
Newcastle United,Brentford,0.4878125224682185,0.19213771192817802,0.3200497656036037
Southampton,Crystal Palace,0.20867400885520576,0.24043216575068216,0.550893825394112
Liverpool,Everton,0.7901267600741168,0.12352719365347488,0.08634604627240848
Chelsea,Tottenham Hotspur,0.4050987293736378,0.2178044522282752,0.37709681839808706
Everton,Arsenal,0.22712531831537439,0.22863154717313547,0.5442431345114901
Crystal Palace,Brighton,0.3281271320014058,0.23723971635771668,0.4346331516408775
Ipswich,Wolverhampton Wanderers,0.11101229048834253,0.12117777403581602,0.7678099354758415
West Ham,Bournemouth,0.2772537577520618,0.22069786955826282,0.5020483726896754
Aston Villa,Nottingham Forest,0.3576325025810553,0.2107836089518219,0.4315838884671228
Brentford,Chelsea,0.45987090195043306,0.21782919641673004,0.32229990163283695
Fulham,Liverpool,0.1121526499162486,0.12449713808497684,0.7633502119987746
Tottenham Hotspur,Southampton,0.8084931656879101,0.11806611491150833,0.07344071940058162
Manchester United,Manchester City,0.14291844000878678,0.16773746002703324,0.68934409996418
Leicester,Newcastle United,0.10784168901670933,0.13832372662890086,0.7538345843543899
Manchester City,Crystal Palace,0.7717923447180924,0.13772848601228224,0.09047916926962508
Brighton,Leicester,0.6172474760850176,0.1975533228302382,0.18519920108474416
Nottingham Forest,Everton,0.5234654686640925,0.21809101707179243,0.2584435142641152
Southampton,Aston Villa,0.13091032244451242,0.1784185536322734,0.6906711239232142
Arsenal,Brentford,0.5099877602322009,0.20715741219302772,0.2828548275747713
Chelsea,Ipswich,0.6921831291619798,0.1644706474079473,0.14334622343007286
Liverpool,West Ham,0.863326364697087,0.08477653871824663,0.05189709658466642
Wolverhampton Wanderers,Tottenham Hotspur,0.5307004999798229,0.1827064962549787,0.2865930037651984
Newcastle United,Manchester United,0.6298148332223272,0.18379992567433145,0.1863852411033416
Bournemouth,Fulham,0.46073357884027666,0.2154712768939241,0.3237951442657992
Brentford,Brighton,0.5658292226519912,0.18981171354518273,0.24435906380282618
Crystal Palace,Bournemouth,0.2832971498747127,0.22982679869332462,0.4868760514319626
Everton,Manchester City,0.162764094948556,0.18594094082963775,0.6512949642218062
West Ham,Southampton,0.6032043090482788,0.2209687079547131,0.17582698299700797
Aston Villa,Newcastle United,0.2826121524853206,0.19923542840984879,0.5181524191048306
Fulham,Chelsea,0.34190952519472845,0.23233917497468032,0.42575129983059123
Ipswich,Arsenal,0.10426920756844035,0.1299781520810908,0.7657526403504687
Manchester United,Wolverhampton Wanderers,0.22692838198611545,0.19727315225085712,0.5757984657630274
Leicester,Liverpool,0.03594006935948788,0.06488969390619692,0.8991702367343151
Tottenham Hotspur,Nottingham Forest,0.4248622360092554,0.1948392517892756,0.38029851220146904
Manchester City,Aston Villa,0.6883083271114503,0.1631106521089301,0.14858102077961965
Arsenal,Crystal Palace,0.6758915111693762,0.186358946283896,0.13774954254672783
Chelsea,Everton,0.4823212495551293,0.2512107281766298,0.26646802226824073
Brighton,West Ham,0.5028660758432681,0.22229412297033016,0.27483980118640167
Newcastle United,Ipswich,0.8104009990902274,0.10536831425202317,0.08423068665774955
Southampton,Fulham,0.14611472059126088,0.18646571495029698,0.6674195644584422
Wolverhampton Wanderers,Leicester,0.7995861951646153,0.1192780917480647,0.0811357130873203
Bournemouth,Manchester United,0.4901018012422957,0.22461327446653567,0.28528492429116853
Liverpool,Tottenham Hotspur,0.7484126415480745,0.12474527444090598,0.1268420840110195
Nottingham Forest,Brentford,0.40075594544491644,0.19832351393433,0.40092054062075344
Manchester City,Wolverhampton Wanderers,0.5699264646702635,0.18382396752711622,0.24624956780262014
Aston Villa,Fulham,0.44427361098401796,0.22278453458673428,0.3329418544292476
Everton,Ipswich,0.5883862173895034,0.2040505833467991,0.20756319926369765
Leicester,Southampton,0.4947373731450022,0.2520704055853404,0.25319222126965746
Arsenal,Bournemouth,0.5794662364975605,0.20062098125857564,0.21991278224386399
Brentford,Manchester United,0.5764684588461934,0.20003820013506368,0.22349334101874313
Brighton,Newcastle United,0.24364088696708253,0.18568954062803658,0.5706695724048808
West Ham,Tottenham Hotspur,0.23504647112837793,0.19668739404823157,0.5682661348233906
Chelsea,Liverpool,0.16296576956412845,0.16175401239193082,0.6752802180439408
Crystal Palace,Nottingham Forest,0.2418529213748773,0.20960580699892176,0.5485412716262008
Fulham,Everton,0.4263683628861033,0.24418020512413938,0.3294514319897574
Ipswich,Brentford,0.14207103802557206,0.14083362251732806,0.7170953394571
Southampton,Manchester City,0.03567464934239734,0.07511000320292131,0.8892153474546813
Wolverhampton Wanderers,Brighton,0.6304254771852708,0.1718727320550355,0.19770179075969385
Bournemouth,Aston Villa,0.427950239864518,0.21958730730724102,0.3524624528282409
Newcastle United,Chelsea,0.5132258001172126,0.20860450888064802,0.2781696910021395
Manchester United,West Ham,0.4606324492667544,0.24576682293499866,0.2936007277982471
Nottingham Forest,Leicester,0.7286119776095702,0.15158070932801468,0.11980731306241496
Tottenham Hotspur,Crystal Palace,0.600595933906856,0.19476480758264164,0.2046392585105024
Liverpool,Arsenal,0.604411449451133,0.1787073148306057,0.21688123571826126
Chelsea,Manchester United,0.5077929884008192,0.23743521703684767,0.25477179456233323
Everton,Southampton,0.6634028562415542,0.20597161028916128,0.13062553346928454
Aston Villa,Tottenham Hotspur,0.36015991723921353,0.20745205714902162,0.43238802561176487
West Ham,Nottingham Forest,0.23462388208294047,0.20020050307906578,0.5651756148379938
Brentford,Fulham,0.5497865843576231,0.1951889182265758,0.255024497415801
Leicester,Ipswich,0.3857534865013193,0.22428530107111694,0.3899612124275637
Arsenal,Newcastle United,0.4569249525033549,0.2104625171097417,0.3326125303869035
Brighton,Liverpool,0.10228568037395258,0.11665597607401114,0.7810583435520364
Crystal Palace,Wolverhampton Wanderers,0.18564510417708815,0.18712919356590438,0.6272257022570075
Manchester City,Bournemouth,0.6868806732317222,0.16030658318768318,0.1528127435805946
Bournemouth,Leicester,0.6692388549858589,0.17970028911931799,0.15106085589482318
Fulham,Manchester City,0.16401713714311508,0.16572343085493904,0.6702594320019459
Ipswich,West Ham,0.3305178866884782,0.21753224609631056,0.451949867215211
Liverpool,Crystal Palace,0.8484826516218401,0.09401684998934716,0.05750049838881264
Manchester United,Aston Villa,0.34164765200193264,0.23806777495237394,0.4202845730456935
Newcastle United,Everton,0.6007943191528261,0.19833378303038535,0.20087189781678869
Nottingham Forest,Chelsea,0.4332643297293626,0.21925685823511717,0.3474788120355203
Southampton,Arsenal,0.06444872185745691,0.12085746673606944,0.8146938114064739
Tottenham Hotspur,Brighton,0.5352090417818753,0.1924861439248014,0.2723048142933233
Wolverhampton Wanderers,Brentford,0.49659786102979236,0.19010952674307366,0.3132926122271339
