home_team,away_team,home_win_prob,draw_prob,away_win_prob
Manchester United,Fulham,0.3357420322466755,0.2364828773282205,0.42777509042510414
Ipswich,Liverpool,0.03746784622519903,0.057107981873559886,0.905424171901241
Arsenal,Wolverhampton Wanderers,0.5112822616715702,0.2035910691587713,0.2851266691696586
Everton,Brighton,0.44658410623541717,0.24262419960589576,0.3107916941586871
Newcastle United,Southampton,0.8692903717580514,0.08392403439781822,0.046785593844130315
Nottingham Forest,Bournemouth,0.49371199375819214,0.20134312791699294,0.30494487832481487
West Ham,Aston Villa,0.2698767654358093,0.2262152502633152,0.5039079843008756
Brentford,Crystal Palace,0.5989648182901046,0.20039214020079074,0.2006430415091047
Chelsea,Manchester City,0.31042390590963886,0.19653686831896547,0.49303922577139575
Leicester,Tottenham Hotspur,0.15915509234578665,0.1652321398129057,0.6756127678413076
Brighton,Manchester United,0.42540064203804834,0.24087081130160481,0.33372854666034685
Crystal Palace,West Ham,0.4120445651485826,0.26110797579684997,0.32684745905456747
Fulham,Leicester,0.6291174566365224,0.19023200770090817,0.1806505356625695
Manchester City,Ipswich,0.8863117032238369,0.07065955445924788,0.043028742316915246
Southampton,Nottingham Forest,0.08817231365597357,0.12962083274604685,0.7822068535979796
Tottenham Hotspur,Everton,0.505204437171835,0.21784518452773222,0.2769503783004327
Aston Villa,Arsenal,0.2491212970020513,0.2143567815454601,0.5365219214524887
Bournemouth,Newcastle United,0.30040661903087473,0.191576327242782,0.5080170537263432
Wolverhampton Wanderers,Chelsea,0.3891978326950858,0.1937707575833527,0.41703140972156155
Liverpool,Brentford,0.7223752073736651,0.13543458674755146,0.1421902058787834
Arsenal,Brighton,0.6678455663096834,0.1791707762496938,0.15298365744062264
Brentford,Southampton,0.8151742423674647,0.11568901079440906,0.06913674683812623
Everton,Bournemouth,0.37994615676880933,0.24297195153093065,0.3770818917002601
Ipswich,Fulham,0.22811489382730407,0.18542120664389136,0.5864638995288046
Leicester,Aston Villa,0.20448102269343654,0.20220409641218143,0.5933148808943821
Nottingham Forest,Wolverhampton Wanderers,0.3850758403253565,0.19194474188536814,0.4229794177892754
West Ham,Manchester City,0.10089701853021014,0.1361956380179847,0.7629073434518051
Chelsea,Crystal Palace,0.6812023174493508,0.1752974514763786,0.1435002310742706
Newcastle United,Tottenham Hotspur,0.5030445800791061,0.18149369849579636,0.3154617214250975
Manchester United,Liverpool,0.0969951981027865,0.12710805601730096,0.7758967458799126
Southampton,Manchester United,0.18370777878240352,0.22632393563039657,0.5899682855872
Brighton,Ipswich,0.5775318929996366,0.19271365962830414,0.22975444737205933
Crystal Palace,Leicester,0.49173636845706414,0.24698046714198293,0.26128316440095284
Fulham,West Ham,0.5408142079340781,0.21595805337668342,0.2432277386892384
Liverpool,Nottingham Forest,0.7217337068544423,0.13482893325007325,0.14343735989548434
Manchester City,Brentford,0.65105439212759,0.16459890158308316,0.18434670628932695
Aston Villa,Everton,0.4381504651094121,0.24376391196118785,0.3180856229294001
Bournemouth,Chelsea,0.2729981760057428,0.19865718222528522,0.5283446417689719
Tottenham Hotspur,Arsenal,0.2931889778683346,0.20576890343387624,0.5010421186977891
Wolverhampton Wanderers,Newcastle United,0.4276650443031652,0.18332042047905497,0.3890145352177798
West Ham,Chelsea,0.16204458800625524,0.1757826743683991,0.6621727376253458
Aston Villa,Wolverhampton Wanderers,0.3201969884627984,0.2011873449428435,0.47861566659435817
Fulham,Newcastle United,0.28224028195807216,0.18683590404149186,0.5309238140004361
Leicester,Everton,0.23678646983390667,0.23657923489053415,0.5266342952755592
Liverpool,Bournemouth,0.7646619036721464,0.12484573466780767,0.11049236166004592
Southampton,Ipswich,0.26568261325365633,0.22274390514822134,0.5115734815981222
Tottenham Hotspur,Brentford,0.4285133383299335,0.19581293339761838,0.37567372827244805
Crystal Palace,Manchester United,0.3641212912869984,0.26728845487874475,0.36859025383425686
Brighton,Nottingham Forest,0.2834606725807456,0.20005307973424452,0.5164862476850098
Manchester City,Arsenal,0.4924678256522605,0.21333907829646945,0.2941930960512702
Newcastle United,Manchester City,0.2744532042749378,0.1790842497736603,0.5464625459514019
Arsenal,Leicester,0.7875109390093374,0.1331715707281954,0.07931749026246704
Brentford,West Ham,0.629915374195373,0.18609504644729846,0.1839895793573284
Chelsea,Brighton,0.6595696192139822,0.17005808353342752,0.17037229725259034
Everton,Crystal Palace,0.47721597584405406,0.26019100594424943,0.2625930182116968
Nottingham Forest,Fulham,0.5165134377780187,0.19706235423277027,0.28642420798921087
Wolverhampton Wanderers,Liverpool,0.22043978731382535,0.15748877585162405,0.6220714368345506
Ipswich,Aston Villa,0.20934409196212414,0.18306432322500268,0.607591584812873
Manchester United,Tottenham Hotspur,0.26602693623765333,0.21135107925798402,0.5226219845043627
Bournemouth,Southampton,0.752496301545793,0.1507439211427523,0.09675977731145473
Crystal Palace,Liverpool,0.08443952359978069,0.1193730965947395,0.7961873798054798
Arsenal,Southampton,0.8620884498130768,0.09609297610990673,0.04181857407701646
Brentford,Wolverhampton Wanderers,0.3817719051009733,0.19328443362665912,0.42494366127236755
Leicester,Bournemouth,0.2078630139254079,0.2007203959219928,0.5914165901525992
Manchester City,Fulham,0.7182622432077892,0.14786912771219496,0.13386862908001593
West Ham,Ipswich,0.48602889346621525,0.2203913915460804,0.2935797149877044
Everton,Newcastle United,0.27600848123892546,0.20910299896512413,0.5148885197959504
Aston Villa,Manchester United,0.5009936371678907,0.23183901013229755,0.26716735269981196
Chelsea,Nottingham Forest,0.5289486912123889,0.1899487271676503,0.28110258161996077
Brighton,Tottenham Hotspur,0.2842891746982326,0.19776687722868003,0.5179439480730874
Tottenham Hotspur,West Ham,0.6329306406390638,0.18259751133173163,0.1844718480292045
Fulham,Aston Villa,0.39360898330043104,0.21980170159536894,0.3865893151042
Manchester United,Brentford,0.26799882545376474,0.21632492755047422,0.515676246995761
Newcastle United,Brighton,0.6420664296097862,0.1670260759791446,0.19090749441106916
Southampton,Leicester,0.2763074412730825,0.248694710789216,0.4749978479377017
Ipswich,Everton,0.2463092270175084,0.2147548892843966,0.538935883698095
Bournemouth,Arsenal,0.24601285721437585,0.21001293557344614,0.543974207212178
Wolverhampton Wanderers,Manchester City,0.2729853457934084,0.1806620397653982,0.5463526144411934
Liverpool,Chelsea,0.6206838650464368,0.16546149610597813,0.213854638847585
Nottingham Forest,Crystal Palace,0.6036742060259285,0.19779046546340462,0.1985353285106669
Leicester,Nottingham Forest,0.15967194767513804,0.16774897942088934,0.6725790729039727
Aston Villa,Bournemouth,0.42088235088256665,0.22151971600528922,0.3575979331121442
Brentford,Ipswich,0.734558642455378,0.13756976062214418,0.1278715969224778
Brighton,Wolverhampton Wanderers,0.24502352673364491,0.18679909228922598,0.5681773809771289
Manchester City,Southampton,0.9224951599131888,0.05496238750332148,0.02254245258348981
Everton,Fulham,0.3984164746278514,0.24113477921176799,0.3604487461603806
Chelsea,Newcastle United,0.4697585549794391,0.18939208386819076,0.34084936115237013
Crystal Palace,Tottenham Hotspur,0.23987420624276606,0.20842981382547948,0.5516959799317545
West Ham,Manchester United,0.35161826855523254,0.2568514763945959,0.3915302550501715
Arsenal,Liverpool,0.29688770728316355,0.20014281487443597,0.5029694778424005
Newcastle United,Arsenal,0.3513928386553068,0.20578016905719265,0.4428269922875006
Bournemouth,Manchester City,0.1819829770894024,0.17004533088259052,0.647971692028007
Ipswich,Leicester,0.430947387659548,0.22115428265215023,0.34789832968830164
Liverpool,Brighton,0.8231302337768029,0.10112453135229103,0.07574523487090609
Nottingham Forest,West Ham,0.6347888567851149,0.1834617540076144,0.18174938920727074
Southampton,Everton,0.1501686401554405,0.2112448062614617,0.6385865535830978
Wolverhampton Wanderers,Crystal Palace,0.6600309050256701,0.17616387560196525,0.16380521937236475
Tottenham Hotspur,Aston Villa,0.48102720632274065,0.20333543652981045,0.315637357147449
Manchester United,Chelsea,0.19865574337423464,0.19698659216895412,0.6043576644568113
Fulham,Brentford,0.34253210056139244,0.20505890577390432,0.4524089936647032
Brentford,Bournemouth,0.489572144470572,0.20325839819874314,0.3071694573306848
Crystal Palace,Fulham,0.30685099053282927,0.23735677023596347,0.45579223923120726
West Ham,Everton,0.29969230106447475,0.2560011659107694,0.444306533024756
Wolverhampton Wanderers,Southampton,0.8596397624861706,0.08999168273918155,0.050368554774648036
Brighton,Manchester City,0.13331475261552528,0.14804554368126527,0.7186397037032094
Liverpool,Aston Villa,0.7550142190072227,0.12974513637864823,0.11524064461412906
Manchester United,Leicester,0.5255152572609567,0.2364506648891479,0.23803407784989541
Nottingham Forest,Newcastle United,0.36834328815012696,0.18758086555706818,0.4440758462928048
Tottenham Hotspur,Ipswich,0.739226807660597,0.13402860600821037,0.12674458633119268
Chelsea,Arsenal,0.382863314427217,0.21966063846455086,0.3974760471082322
Leicester,Chelsea,0.11144902743073355,0.14151865750521242,0.7470323150640539
Arsenal,Nottingham Forest,0.5507608596930272,0.20077669247394675,0.24846244783302596
Aston Villa,Crystal Palace,0.5278031749012546,0.2298864429040028,0.24231038219474244
Bournemouth,Brighton,0.49328931236970663,0.21457208187153026,0.29213860575876305
Everton,Brentford,0.3290299042220196,0.2288208706275554,0.4421492251504251
Fulham,Wolverhampton Wanderers,0.2980552915489816,0.1934881015098075,0.5084566069412109
Manchester City,Tottenham Hotspur,0.6549428049740946,0.16090650382506907,0.18415069120083635
Southampton,Liverpool,0.018897097016662454,0.042136124268144996,0.9389667787151925
Ipswich,Manchester United,0.297671433105717,0.22240380616825417,0.4799247607260288
Newcastle United,West Ham,0.7008224697500539,0.15616723217784123,0.1430102980721048
Brighton,Southampton,0.685393784060031,0.18139223592371317,0.13321398001625584
Brentford,Leicester,0.7164910710101856,0.1544212902490054,0.12908763874080914
Crystal Palace,Newcastle United,0.19377275522230272,0.18565610073962235,0.620571144038075
Nottingham Forest,Ipswich,0.7396601045062481,0.13489421472266933,0.1254456807710825
Wolverhampton Wanderers,Bournemouth,0.5539763374969537,0.18716759635106855,0.2588560661519775
West Ham,Arsenal,0.14909259442715744,0.18606512306626494,0.6648422825065776
Chelsea,Aston Villa,0.5764386323399112,0.1923187060483026,0.23124266161178617
Manchester United,Everton,0.3393460660447175,0.2660634963216786,0.39459043763360396
Tottenham Hotspur,Fulham,0.5128684891040903,0.19593776050421496,0.29119375039169476
Liverpool,Manchester City,0.49020397076271655,0.18719901121859805,0.3225970180186854
Ipswich,Crystal Palace,0.32549373458794495,0.22989172373672928,0.4446145416753256
Leicester,West Ham,0.32718973943809765,0.24580244519639213,0.42700781536551013
Everton,Wolverhampton Wanderers,0.28988958652180075,0.2162781112146972,0.49383230226350194
Manchester City,Nottingham Forest,0.650121593100207,0.16381331528789908,0.18606509161189383
Newcastle United,Liverpool,0.22172074346790255,0.15613351314385593,0.6221457433882415
Southampton,Chelsea,0.058792475364858994,0.10258201245213247,0.8386255121830087
Arsenal,Manchester United,0.661466373345127,0.19277894716216698,0.14575467949270604
Aston Villa,Brentford,0.3641683419686323,0.21124068575338903,0.4245909722779786
Fulham,Brighton,0.47581857173331704,0.2151086374505561,0.30907279081612693
Bournemouth,Tottenham Hotspur,0.3595993384365912,0.20403017293723857,0.43637048862617034
Aston Villa,Southampton,0.7511718327616466,0.15286260191478296,0.09596556532357055
Brentford,Newcastle United,0.36516790897091495,0.18882663758933282,0.4460054534397522
Crystal Palace,Manchester City,0.11418578541093392,0.1531020109671657,0.7327122036219006
Manchester United,Nottingham Forest,0.26528332837431967,0.2138854946098219,0.5208311770158583
Fulham,Arsenal,0.23191380144841073,0.20382204136066553,0.5642641571909239
Ipswich,Bournemouth,0.21293247510041832,0.18189072118312768,0.6051768037164539
Leicester,Brighton,0.2653252929381782,0.22100085212819692,0.5136738549336248
Tottenham Hotspur,Chelsea,0.328253303988018,0.19389585310503055,0.47785084290695157
West Ham,Wolverhampton Wanderers,0.18934274232064183,0.1803568553383585,0.6303004023409998
Everton,Liverpool,0.13611925532615038,0.15554776244138524,0.7083329822324645
Arsenal,Everton,0.5999226059341731,0.21688161421221552,0.18319577985361132
Liverpool,Fulham,0.7844345730761692,0.1163310025230259,0.0992344244008049
Newcastle United,Leicester,0.7834506030921942,0.12206284094177143,0.09448655596603446
Wolverhampton Wanderers,Ipswich,0.7910079551112916,0.11246344828052803,0.0965285966081804
Nottingham Forest,Aston Villa,0.48509631519283575,0.20459955971391042,0.31030412509325367
Brighton,Crystal Palace,0.4528481831331577,0.24204656520242837,0.30510525166441393
Manchester City,Manchester United,0.7527191697893506,0.14453569595535165,0.10274513425529769
Chelsea,Brentford,0.5308714735049156,0.1909708740644798,0.27815765243060475
Southampton,Tottenham Hotspur,0.08725864919230714,0.12692052147572605,0.7858208293319668
Bournemouth,West Ham,0.5566722153504945,0.21401400887218208,0.2293137757773235
Aston Villa,Manchester City,0.1858740068492082,0.1745685607702458,0.6395574323805459
Brentford,Nottingham Forest,0.4268381034271054,0.19756458663009227,0.3755973099428022
Ipswich,Newcastle United,0.11695029543295254,0.12097471797376216,0.7620749865932855
West Ham,Brighton,0.3379127651625825,0.2364602417634973,0.42562699307392027
Crystal Palace,Arsenal,0.16278117675978543,0.20308014350024198,0.6341386797399726
Everton,Chelsea,0.2526188914822651,0.21727149975973767,0.5301096087579974
Fulham,Southampton,0.740603639199622,0.15527634878656132,0.10412001201381678
Leicester,Wolverhampton Wanderers,0.1315068990791418,0.14794515812414366,0.7205479427967145
Manchester United,Bournemouth,0.31837779323625287,0.23643917508767337,0.4451830316760737
Tottenham Hotspur,Liverpool,0.17382984729806933,0.14501430877023572,0.6811558439316949
Manchester City,Everton,0.6923317193502545,0.17126482117147082,0.1364034594782747
Bournemouth,Crystal Palace,0.5273929595212451,0.22705329562388532,0.2455537448548697
Chelsea,Fulham,0.6084923176108977,0.18166194088284715,0.2098457415062552
Newcastle United,Aston Villa,0.5531610840232415,0.18724354401378507,0.2595953719629735
Nottingham Forest,Tottenham Hotspur,0.43309010411039683,0.19377793040010519,0.3731319654894981
Southampton,West Ham,0.21607092120410085,0.2355913372022254,0.5483377415936739
Wolverhampton Wanderers,Manchester United,0.633626131388119,0.1821118076722969,0.1842620609395842
Liverpool,Leicester,0.91049797014386,0.05854339119913219,0.030958638657007667
Brighton,Brentford,0.2864712687306826,0.20225557248841855,0.5112731587808989
Arsenal,Ipswich,0.810729987968753,0.11401928585843614,0.07525072617281083
Leicester,Manchester City,0.0644630656238795,0.10094746368861442,0.8345894706875062
Crystal Palace,Southampton,0.6053991552472409,0.2272741723936333,0.16732667235912588
Everton,Nottingham Forest,0.32652026280591545,0.22672104852612968,0.4467586886679548
Fulham,Bournemouth,0.40071889896147667,0.21718785234257576,0.38209324869594763
Tottenham Hotspur,Wolverhampton Wanderers,0.37986705053617476,0.1900728664061922,0.4300600830576331
West Ham,Liverpool,0.07234274546069666,0.10336990035635896,0.8242873541829444
Aston Villa,Brighton,0.4950406461992602,0.21710948995634596,0.2878498638443938
Ipswich,Chelsea,0.10803269580203866,0.1237056103196846,0.7682616938782768
Manchester United,Newcastle United,0.21709312573101855,0.1907831163760376,0.5921237578929438
Brentford,Arsenal,0.2969340885127919,0.2098169002734552,0.49324901121375303
Tottenham Hotspur,Newcastle United,0.36298979025246114,0.18559541368810664,0.45141479605943235
Aston Villa,Leicester,0.6441673930986985,0.18883424882539757,0.16699835807590385
Bournemouth,Everton,0.4369539353328185,0.2404778056490905,0.3225682590180909
Crystal Palace,Chelsea,0.17778431330986053,0.19160159369361235,0.630614092996527
Manchester City,West Ham,0.8017112850831286,0.12024294407401645,0.07804577084285466
Southampton,Brentford,0.09039298565320933,0.13287167286472865,0.776735341482062
Brighton,Arsenal,0.19044588810310498,0.19374412299802252,0.6158099888988724
Fulham,Ipswich,0.642960494475161,0.17260779347354901,0.18443171205128986
Liverpool,Manchester United,0.813714945404934,0.1111039086492057,0.07518114594586014
Wolverhampton Wanderers,Nottingham Forest,0.4912181056410973,0.18679517526783695,0.32198671909106574
Brentford,Manchester City,0.22583692445049128,0.1762553698448487,0.5979077057046599
West Ham,Fulham,0.2908168476534223,0.22571921551759702,0.4834639368289809
Chelsea,Bournemouth,0.5859197874046282,0.18818744700415252,0.22589276559121918
Nottingham Forest,Liverpool,0.1795810586269789,0.14866622644093927,0.6717527149320819
Everton,Aston Villa,0.373443941226009,0.24589831500952122,0.3806577437644697
Leicester,Crystal Palace,0.3080519197316636,0.25244192862516324,0.43950615164317314
Newcastle United,Wolverhampton Wanderers,0.4523178120207733,0.18370956465870958,0.3639726233205171
Arsenal,Tottenham Hotspur,0.5548496491667421,0.1979009032278239,0.24724944760543416
Ipswich,Brighton,0.2765946419242028,0.20162845640291918,0.5217769016728782
Manchester United,Southampton,0.6386041464653442,0.2120461108025659,0.1493497427320898
Newcastle United,Bournemouth,0.5627230323840082,0.1835160019368201,0.2537609656791716
Brentford,Liverpool,0.17849531200118554,0.1494869279938475,0.672017760004967
Leicester,Fulham,0.22170143264251216,0.2040903938984536,0.5742081734590342
West Ham,Crystal Palace,0.3769915405224092,0.261564369702282,0.3614440897753086
Arsenal,Aston Villa,0.5909531815608042,0.20314834538663598,0.2058984730525599
Everton,Tottenham Hotspur,0.32793797614716846,0.22414354757031127,0.4479184762825203
Manchester United,Brighton,0.3835919052669409,0.24319638415197375,0.3732117105810853
Nottingham Forest,Southampton,0.8197760472223106,0.11274808200052669,0.06747587077716281
Ipswich,Manchester City,0.05916648708956998,0.08432153427654103,0.856511978633889
Chelsea,Wolverhampton Wanderers,0.48504178917729146,0.19155732052006214,0.32340089030264646
Bournemouth,Nottingham Forest,0.357868520534566,0.20631520780778753,0.4358162716576463
Brighton,Everton,0.3659579252128775,0.24591080744975008,0.38813126733737224
Liverpool,Ipswich,0.927656563725598,0.04597320392472651,0.026370232349675518
Southampton,Newcastle United,0.061780082553453936,0.09813450176414458,0.8400854156824016
Wolverhampton Wanderers,Arsenal,0.3496870487036105,0.20763121636378246,0.4426817349326069
Manchester City,Chelsea,0.5486234992488558,0.18969982120190318,0.26167667954924106
Crystal Palace,Brentford,0.2421126850683894,0.21365637810140184,0.5442309368302087
Tottenham Hotspur,Leicester,0.7209252363696351,0.150690108919728,0.12838465471063684
Aston Villa,West Ham,0.5571969253330152,0.21654234436223,0.22626073030475488
Fulham,Manchester United,0.48439556379856835,0.22963953981044574,0.2859648963909858
Nottingham Forest,Brighton,0.5724441973392197,0.1902953009969574,0.23726050166382295
Bournemouth,Liverpool,0.14058514564489888,0.1401405704455783,0.7192742839095226
Everton,Leicester,0.5851495596913683,0.22319085831232943,0.19165958199630242
Ipswich,Southampton,0.566512592118388,0.21113605849900682,0.22235134938260523
Newcastle United,Fulham,0.5865321276181062,0.1776898464831284,0.23577802589876543
Wolverhampton Wanderers,Aston Villa,0.5449249957637594,0.1907590271852207,0.26431597705102
Brentford,Tottenham Hotspur,0.4293448481476362,0.1953167321163458,0.3753384197360179
Manchester United,Crystal Palace,0.41866631721913666,0.2650767034642218,0.3162569793166416
Arsenal,Manchester City,0.34394851399128495,0.2183220378238999,0.43772944818481496
Chelsea,West Ham,0.7121914671717948,0.15917752745887465,0.12863100536933045
Brighton,Chelsea,0.20970374967311822,0.18393375526954922,0.6063624950573326
Leicester,Arsenal,0.10443183645306799,0.15074903352748115,0.744819130019451
Aston Villa,Ipswich,0.6603412557125072,0.1703837321861706,0.16927501210132237
Fulham,Nottingham Forest,0.33958847162808065,0.20320323709303614,0.4572082912788832
Manchester City,Newcastle United,0.5981015448495903,0.17068718952105985,0.23121126562934977
Southampton,Bournemouth,0.12332949295615105,0.1680920378571154,0.7085784691867335
West Ham,Brentford,0.2250508349275035,0.19998215345996895,0.5749670116125275
Crystal Palace,Everton,0.3124473780836105,0.2683903914577363,0.4191622304586531
Liverpool,Wolverhampton Wanderers,0.6841418172616957,0.14389403245741547,0.17196415028088874
Tottenham Hotspur,Manchester United,0.5734675160319374,0.2013503019545326,0.22518218201352988
Leicester,Brentford,0.16251338922236536,0.1707180575211131,0.6667685532565215
Everton,Manchester United,0.4527579055884882,0.2601806480209786,0.28706144639053327
Arsenal,West Ham,0.7138930412046877,0.16905077013144582,0.11705618866386654
Bournemouth,Wolverhampton Wanderers,0.31612940776413107,0.19778415150528464,0.4860864407305843
Fulham,Crystal Palace,0.5120647868480462,0.2283408941193323,0.2595943190326214
Ipswich,Tottenham Hotspur,0.15908525148547442,0.1479740645030859,0.6929406840114397
Southampton,Brighton,0.16498583826611768,0.19708737760450545,0.6379267841293769
Aston Villa,Chelsea,0.27683013334206974,0.2025199947328722,0.520649871925058
Newcastle United,Nottingham Forest,0.49965515693711904,0.1837901445894316,0.31655469847344936
Manchester City,Liverpool,0.37256427759268307,0.19116540952767935,0.4362703128796374
Brighton,Bournemouth,0.3422371982432466,0.21991905641796872,0.4378437453387846
Wolverhampton Wanderers,Fulham,0.5770738499414292,0.18164191466665583,0.2412842353919151
Crystal Palace,Aston Villa,0.2854691973692715,0.2387853782726286,0.4757454243581
Chelsea,Southampton,0.869549086157677,0.08697144142621693,0.043479472416106
Brentford,Everton,0.5048196638111777,0.22119874577675697,0.2739815904120654
Nottingham Forest,Arsenal,0.2991162812428022,0.20850700815362042,0.4923767106035774
Tottenham Hotspur,Manchester City,0.22136034774378915,0.17190651706204216,0.6067331351941688
Manchester United,Ipswich,0.5354869418654007,0.21587591212398693,0.2486371460106123
Liverpool,Newcastle United,0.6725621429340021,0.14477509292873006,0.18266276413726798
West Ham,Leicester,0.4809744599229433,0.24058115559157217,0.2784443844854847
Nottingham Forest,Manchester City,0.2273577632941412,0.17526521889214206,0.5973770178137168
Brighton,Fulham,0.36136815535029426,0.21962736413456066,0.419004480515145
Crystal Palace,Ipswich,0.4995153993382321,0.2257595732563866,0.27472502740538146
Liverpool,Southampton,0.953313183061332,0.033548664194510275,0.013138152744157772
Brentford,Aston Villa,0.4810456489354347,0.2065046278706623,0.31244972319390296
Wolverhampton Wanderers,Everton,0.5665613852717744,0.20202576109647968,0.23141285363174602
Chelsea,Leicester,0.7899197841693071,0.1243994034327867,0.08568081239790631
Tottenham Hotspur,Bournemouth,0.489756017947546,0.20012009243815612,0.31012388961429793
Manchester United,Arsenal,0.18107669711843652,0.20851003994934011,0.6104132629322233
West Ham,Newcastle United,0.17634009305670872,0.17078248805303023,0.6528774188902611
Aston Villa,Liverpool,0.1446830891315132,0.1447067435070431,0.7106101673614437
Everton,West Ham,0.5038955600814715,0.24720497828674995,0.2488994616317786
Ipswich,Nottingham Forest,0.15972521470225598,0.15022208433884385,0.6900527009589001
Manchester City,Brighton,0.7614948218464437,0.1330220754106975,0.10548310274285866
Southampton,Wolverhampton Wanderers,0.06947302898379973,0.10863128383267169,0.8218956871835286
Bournemouth,Brentford,0.36067571831107226,0.20808791242641184,0.43123636926251585
Arsenal,Chelsea,0.45538697281130025,0.21789529327405335,0.32671773391464637
Fulham,Tottenham Hotspur,0.3410356498282901,0.20096166006839297,0.458002690103317
Leicester,Manchester United,0.28327732908908515,0.2441346003745878,0.47258807053632707
Newcastle United,Crystal Palace,0.668978481539017,0.17145358024105042,0.15956793821993268
Arsenal,Fulham,0.6216181621575054,0.1912928806679432,0.18708895717455135
Wolverhampton Wanderers,West Ham,0.6907568518727405,0.16133880892310482,0.14790433920415472
Nottingham Forest,Manchester United,0.5762062474618946,0.2022858954676143,0.22150785707049106
Bournemouth,Ipswich,0.6596668421115873,0.1687305590388782,0.17160259884953458
Brighton,Aston Villa,0.33610082069525893,0.2221385581839611,0.44176062112077974
Manchester City,Leicester,0.8655357534872773,0.08636576201254484,0.048098484500178
Newcastle United,Brentford,0.5020548916292121,0.18482774881623482,0.3131173595545531
Southampton,Crystal Palace,0.20375539644423837,0.24005097134214093,0.5561936322136207
Liverpool,Everton,0.7575881775937665,0.13780095779902896,0.10461086460720462
Chelsea,Tottenham Hotspur,0.5326552482208065,0.18742150366455632,0.2799232481146372
Everton,Arsenal,0.22948461066534104,0.23069535926968104,0.5398200300649779
Crystal Palace,Brighton,0.35292967890186355,0.24661527800648617,0.4004550430916503
Ipswich,Wolverhampton Wanderers,0.12920123286727037,0.13093476392586562,0.7398640032068642
West Ham,Bournemouth,0.27460473766780297,0.22426126964649218,0.5011339926857048
Aston Villa,Nottingham Forest,0.3614652307891128,0.2094637778456563,0.4290709913652308
Brentford,Chelsea,0.3312076469827551,0.19745929467859952,0.47133305833864536
Fulham,Liverpool,0.12826614238597692,0.13198455225191108,0.739749305362112
Tottenham Hotspur,Southampton,0.8204817827550789,0.11163503471861126,0.06788318252630983
Manchester United,Manchester City,0.12925742668852114,0.16038084051270912,0.7103617327987698
Leicester,Newcastle United,0.12012950556176209,0.13750873425001003,0.7423617601882277
Manchester City,Crystal Palace,0.7727552558741959,0.13704274973488112,0.0902019943909231
Brighton,Leicester,0.567324446349578,0.2109643454113834,0.22171120823903856
Nottingham Forest,Everton,0.5089322433389787,0.21898419031835947,0.2720835663426618
Southampton,Aston Villa,0.12171179876286706,0.1694678528523433,0.7088203483847897
Arsenal,Brentford,0.5520945881376051,0.20188695702027423,0.24601845484212054
Chelsea,Ipswich,0.8109387753183025,0.10743271077434176,0.0816285139073558
Liverpool,West Ham,0.8572839407742961,0.08826392148695138,0.05445213773875247
Wolverhampton Wanderers,Tottenham Hotspur,0.4942312581729259,0.18454578706165228,0.3212229547654217
Newcastle United,Manchester United,0.6423291459306112,0.177691956442556,0.17997889762683283
Bournemouth,Fulham,0.4392869978910286,0.21612887116124327,0.34458413094772816
Brentford,Brighton,0.5677847583819338,0.19256167477220978,0.2396535668458566
Crystal Palace,Bournemouth,0.2905224362491584,0.2365495596643451,0.47292800408649643
Everton,Manchester City,0.17309167297566774,0.18734155074277828,0.6395667762815539
West Ham,Southampton,0.5995504773987994,0.22250733711821213,0.17794218548298846
Aston Villa,Newcastle United,0.3047482757598346,0.1950500591708274,0.500201665069338
Fulham,Chelsea,0.256690876313313,0.1931894809169649,0.5501196427697221
Ipswich,Arsenal,0.10112818661041216,0.13099698544272834,0.7678748279468592
Manchester United,Wolverhampton Wanderers,0.23056117524695544,0.19946678772525211,0.5699720370277926
Leicester,Liverpool,0.042751474098663846,0.07098613395618646,0.8862623919451494
Tottenham Hotspur,Nottingham Forest,0.4257939260049917,0.1944466657079297,0.37975940828707855
Manchester City,Aston Villa,0.6872227513867627,0.16113469048062773,0.15164255813260963
Arsenal,Crystal Palace,0.6833477678558137,0.18644690432931693,0.13020532781486938
Chelsea,Everton,0.5915583748524192,0.20414280169793397,0.2042988234496469
Brighton,West Ham,0.4796512933503163,0.23117220198648858,0.28917650466319517
Newcastle United,Ipswich,0.8031305214641373,0.10628040240919027,0.09058907612667234
Southampton,Fulham,0.13251639579139854,0.1730493474892753,0.694434256719326
Wolverhampton Wanderers,Leicester,0.7724907643074796,0.12804152465603658,0.09946771103648364
Bournemouth,Manchester United,0.5001650722377651,0.228966023580447,0.270868904181788
Liverpool,Tottenham Hotspur,0.7267460335025482,0.13196512769680946,0.14128883880064239
Nottingham Forest,Brentford,0.4332246542535075,0.1973649768869775,0.3694103688595149
Manchester City,Wolverhampton Wanderers,0.6106179120330775,0.17078788411974735,0.21859420384717534
Aston Villa,Fulham,0.44173050426088856,0.21889178962283135,0.33937770611628004
Everton,Ipswich,0.5996355830876093,0.2025666650705507,0.19779775184183987
Leicester,Southampton,0.5276426103304255,0.23933523213140942,0.23302215753816505
Arsenal,Bournemouth,0.600392931800033,0.19850150469852437,0.20110556350144254
Brentford,Manchester United,0.5716250768272416,0.20474158078106058,0.22363334239169785
Brighton,Newcastle United,0.23013607356187835,0.17874568770949673,0.591118238728625
West Ham,Tottenham Hotspur,0.22234058605953053,0.19482222545199332,0.5828371884884761
Chelsea,Liverpool,0.25918587268048343,0.17605723578618573,0.5647568915333308
Crystal Palace,Nottingham Forest,0.23941466712769593,0.21103077632942793,0.5495545565428761
Fulham,Everton,0.4215361861874512,0.23956125039696635,0.33890256341558234
Ipswich,Brentford,0.16287061020084684,0.15301455814943177,0.6841148316497215
Southampton,Manchester City,0.03142016909438785,0.06639430762894813,0.902185523276664
Wolverhampton Wanderers,Brighton,0.6318779793972276,0.17162233393220433,0.19649968667056816
Bournemouth,Aston Villa,0.41091422781387477,0.221411034401182,0.3676747377849433
Newcastle United,Chelsea,0.394193833532069,0.1917338855236986,0.4140722809442325
Manchester United,West Ham,0.4436204622850679,0.25406923441671786,0.30231030329821423
Nottingham Forest,Leicester,0.7215143477629187,0.15158865200147664,0.1268970002356049
Tottenham Hotspur,Crystal Palace,0.6013655150479724,0.19689957535583702,0.20173490959619061
Liverpool,Arsenal,0.559853100083861,0.19106168605530086,0.2490852138608381
Chelsea,Manchester United,0.6568678443865839,0.18170284545984025,0.16142931015357587
Everton,Southampton,0.6902727577111126,0.1924771171673462,0.11725012512154105
Aston Villa,Tottenham Hotspur,0.3633120283563966,0.2071284128438157,0.42955955879978774
West Ham,Nottingham Forest,0.22217937786229794,0.19731956052523633,0.5805010616124656
Brentford,Fulham,0.512187468408875,0.19905806091500697,0.2887544706761181
Crystal Palace,Wolverhampton Wanderers,0.2066213988725319,0.19499239044879305,0.5983862106786751
Leicester,Ipswich,0.4015706161441871,0.22322839671830774,0.3752009871375051
Arsenal,Newcastle United,0.4982007252139621,0.20171302076169204,0.30008625402434597
Manchester City,Bournemouth,0.6971508312183787,0.15620264295241923,0.146646525829202
Brighton,Liverpool,0.09828831578218032,0.11621712835411323,0.7854945558637064
Bournemouth,Leicester,0.644245462600285,0.18669754540169928,0.1690569919980157
Fulham,Manchester City,0.16856653880811934,0.16242847412257158,0.6690049870693092
Ipswich,West Ham,0.34613908194745435,0.22401164279605948,0.4298492752564861
Liverpool,Crystal Palace,0.8313798797994396,0.10359791546223035,0.06502220473832997
Manchester United,Aston Villa,0.3127819399055463,0.23881621544509532,0.44840184464935834
Newcastle United,Everton,0.5733066241643304,0.19850410082021325,0.22818927501545636
Nottingham Forest,Chelsea,0.3339011697443528,0.1962155125636854,0.4698833176919618
Southampton,Arsenal,0.05723061144140617,0.11231814311425509,0.8304512454443388
Tottenham Hotspur,Brighton,0.5696080611134421,0.1893475090821675,0.24104442980439048
Wolverhampton Wanderers,Brentford,0.49374310926144893,0.1878520178496024,0.3184048728889488
